1.回溯法
请输入背包容量与物品数：30 50
请输入各个物品价值：8 76 80 49 55 81 39 67 9 6 6 62 22 9 1 15 8 52 68 89 97 98 13 86 12 82 28 4 40 26 55 49 97 3 27 98 47 46 17 40 24 42 9 48 90 60 61 77 10 83
请输入各个物品重量：13 17 10 3 2 4 13 18 4 16 13 11 18 3 3 18 16 15 15 15 5 8 15 17 15 15 1 17 14 8 2 17 18 14 13 4 15 13 14 13 14 0 19 12 6 16 2 19 10 1
背包可装的最大价值为：1177
The run time is : 0.001s
2.分支限界法
请输入背包容量与物品数：50 100
请输入各个物品价值：54 17 81 45 55 45 7 52 61 59 5 63 20 39 81 89 6 39 65 72 31 55 11 18 89 88 98 43 19 62 24 6 5 53 33 0 74 33 83 70 18 72 13 11 84 36 33 39 98 46 69 61 16 11 14 63 35 36 24 33 80 35 93 39 56 4 96 41 16 73 27 43 27 54 64 94 67 91 68 12 45 40 21 36 89 9 10 42 54 70 9 87 42 30 84 84 57 26 51 83
请输入各个物品重量：43 25 25 42 8 48 38 42 42 36 30 41 42 37 43 38 42 16 15 24 45 37 31 7 35 21 24 43 31 39 17 3 37 20 36 25 25 18 45 41 16 6 43 34 40 3 20 0 15 43 12 10 40 3 38 33 39 6 37 23 14 42 22 16 14 35 25 0 20 34 23 20 39 16 39 8 4 31 2 49 0 39 12 0 10 8 41 12 24 35 3 16 15 14 28 4 49 19 2 28
最优装入量为: 788
装入的物品为:5 42 46 48 54 68 76 77 79 81 84 85 96 99

请输入背包容量与物品数：1000 10000
请输入各个物品价值：2110 8945 8696 9106 9064 3174 5384 8191 6984 3247 5583 3796 6425 8348 9594 5065 4948 1041 5905 8857 6037 6310 7927 5145 449 6079 2002 4952 9208 7710 5147 3351 8760 2455 4199 779 1074 1125 807 8577 9025 8027 2413 2465 8136 446 7073 38 3514 4081 6979 3037 9040 2977 6577 3884 8871 5250 2283 7237 9241 6713 133 9434 8013 763 4717 9811 9969 8326 2158 5679 9574 6399 4499 6199 9388 4172 2736 5081 1840 83 1822 5171 3156 4771 9542 9966 8238 4801 5168 3870 371 5701 8716 2375 6070 694 6272 786 1259 9203 1587 9088 6353 628 3241 3454 5775 7104 6512 1369 1822 7712 8171 244 6088 3380 1645 8808 1119 5220 4617 8396 9537 5898 4343 3861 8826 2750 8313 159 3770 8242 6591 3885 9545 2192 695 4557 4505 5184 4297 5567 7819 9310 3346 8952 548 6092 9216 7922 9777 8979 5246 3462 3144 9664 3663 6605 9105 3885 1568 1795 6869 5533 2329 1709 726 9020 8501 7244 5024 1654 6259 3667 6655 1975 5323 8326 7024 3027 7317 7539 7868 2231 8486 1893 1986 2191 2060 1574 9428 5801 5725 1429 469 6762 1003 4153 8401 5489 3418 6661 5630 5353 1301 9916 1010 9250 1662 5574 7621 2673 6981 4452 1512 7574 9194 8384 6326 3199 1958 3529 938 1116 7287 2206 7793 2147 8011 440 769 5189 96 2589 5162 3488 4296 1283 8796 8358 3346 5313 2218 8046 6279 3708 8222 2362 9043 7809 812 1849 1749 5485 2779 9965 5112 213 8145 5807 8562 4211 2958 6465 2765 9455 237 565 4389 2367 2086 1277 2641 1263 8472 530 9253 1380 741 393 7591 6909 7869 3523 3024 4251 5488 628 8710 5107 5838 9158 5528 1202 9793 8574 6314 1857 6318 3919 9457 9416 2648 894 769 2855 5653 9878 3141 4563 437 9149 2286 9838 4928 7510 7185 7659 3759 8904 7178 5024 4031 9216 8821 2636 4721 9987 7982 731 6645 2022 6119 6312 3640 385 235 5858 811 368 7760 4146 3911 860 7394 924 1037 5931 8830 9028 291 1507 268 7203 3660 3061 7089 762 6422 1159 7363 8262 7771 642 2494 6885 3456 1070 2502 1752 6002 4650 3358 3737 6385 1440 601 3598 5789 968 6832 8239 865 2668 83 3525 1741 8909 7715 4387 505 1764 9167 7434 9558 8379 2669 1527 1879 3485 7548 8352 432 8202 1687 9039 1086 6016 9181 1469 9319 407 3263 3427 9267 4763 8313 6045 3067 9504 6820 7808 3969 2385 5995 6942 5184 2201 2237 1655 8390 2918 4307 6418 15 6570 6003 8476 4323 4468 5524 16 9539 4862 2 6521 672 4920 7300 1460 8509 5958 4796 3577 6278 1126 2799 7354 2833 3604 5526 4173 9395 8337 8532 8583 2278 3665 8297 4266 5946 7588 7142 7664 3210 7783 6594 472 2721 6716 1741 8337 6716 2215 2467 6341 3825 7003 9651 6648 5072 7988 3904 2544 2697 7926 1095 4887 8062 6230 6530 2414 8890 5383 6669 4709 403 8217 2392 953 7212 2941 1452 8189 2414 5051 3233 7932 7160 3783 1742 7437 3941 818 6403 5721 6861 6317 3524 9 3214 1075 8471 1651 8556 9847 1856 3318 6198 2508 9946 5731 7339 8372 4137 4400 877 6843 8157 2279 3766 1685 9386 6980 328 4852 1862 1983 777 2894 4163 1574 9662 3375 9549 7263 2807 6652 2806 8604 1756 904 6081 8063 4294 5929 4315 4993 689 7261 2576 6030 6352 4602 2477 2707 8434 3987 9554 5099 6868 7954 9243 773 2647 2834 2239 1098 8131 8988 7512 318 1548 5413 820 2229 659 8821 7163 8168 3745 9883 6098 2392 720 1183 4336 6690 3002 2184 8559 7092 646 3775 2885 4511 7951 5828 4980 2189 712 5424 6318 7317 590 1947 1229 3532 5948 8398 2977 3998 9717 43 8763 2830 6205 6524 7867 2874 6552 6234 1157 6547 5624 1855 8793 4331 1905 7725 483 4432 9199 4816 7456 4168 7210 946 3106 8301 6601 3534 1637 2731 1589 1447 419 2599 2463 2169 8325 5379 3221 1296 1132 303 6705 136 8559 882 9682 565 7429 1674 863 6932 8741 4544 281 6754 5452 6655 1520 6779 6447 3718 1193 8933 1346 2444 2687 1647 1624 2964 9384 7060 1003 6225 5721 8548 8895 524 8700 916 6002 7092 976 757 5879 9524 1986 2707 1539 1435 5467 9903 4759 9256 2602 6335 8863 9669 3156 2164 3258 1798 265 7117 2028 3201 4201 698 6096 8720 7990 947 2354 9349 7899 25 9692 365 5053 1581 6143 345 3970 1121 7348 3513 8736 1388 3491 9833 8150 2914 6612 2688 1633 6818 9733 1142 600 2177 7115 8343 1592 5656 9676 902 759 2154 3357 7427 8291 5145 2775 5503 1179 633 4575 832 289 9124 2790 9520 574 5071 190 1083 7030 8189 2847 8217 7534 2259 1256 9672 9627 1180 1594 2462 4540 8238 7937 1245 1051 1837 916 3896 944 2318 4688 7429 6807 5711 7520 6340 5795 7957 2080 9839 1619 2245 7137 1921 83 7735 175 7628 5526 2648 8770 5766 2227 6895 6850 9764 462 9090 1550 5226 4040 4810 8287 4161 2841 1845 9944 1690 8877 8410 1025 6451 5565 9442 1573 9703 7488 3541 6184 1770 497 1858 605 1878 8195 420 5862 31 2498 1009 7165 2990 8172 3188 8324 2060 9024 9358 3832 9693 741 6952 8123 5823 9582 6460 9393 8339 3148 9365 1179 4603 1829 7908 9699 9045 980 324 4167 2039 913 1761 1753 1707 7971 6212 1174 6797 9298 7378 1686 3795 5842 6086 6820 268 3229 9419 9806 2860 2928 1343 4943 4967 7353 2725 5691 4843 1583 4569 5003 419 2770 41 2506 6922 7765 4626 7262 8685 2618 3401 7515 8468 8956 4764 1221 3970 6610 6199 3524 6554 6851 4827 6845 1877 5445 3836 6959 7873 7931 3098 2267 1676 1214 8451 887 2434 3274 1158 436 2675 9549 2219 8527 905 5628 8386 2245 1288 4838 3049 2763 6502 4637 4385 6909 4525 562 4371 613 7759 2112 2303 2206 2490 1628 2422 7097 8604 2683 9449 4128 6664 8437 9760 6202 393 24 4336 1470 8455 4640 1815 5707 808 166 1034 7511 8441 7703 1985 6966 9613 5910 7792 1726 6948 1012 1914 72 1280 1103 5121 6890 7652 8169 9249 6291 6174 8779 9214 5590 1878 521 1642 2043 5831 4247 2236 3378 2094 2412 1006 8906 2337 5270 1621 1777 5475 6911 790 3020 101 574 8551 5161 46 945 9508 4979 6813 2682 532 886 7070 7527 2811 196 4492 151 208 7128 1367 3545 7522 6984 1398 5831 7830 6736 6974 4644 7444 2349 2963 4529 5492 4967 2894 5046 4963 5490 6369 6687 3322 1526 5255 9556 128 2862 2431 2542 8079 6495 1242 3271 5989 1562 7746 162 4140 3331 9454 8379 4171 5970 1555 1631 1982 2986 5422 6527 100 7016 2687 3745 6296 6798 6760 2744 9539 8705 7383 5781 6495 1568 9647 1533 3695 662 590 525 3021 642 5562 7292 5027 3300 8589 7472 4975 5483 8723 1988 2241 253 4642 2664 7382 8342 9321 2073 4282 2357 4268 1155 7018 4787 6383 9892 3528 4885 5697 578 626 5636 8123 6640 5205 5260 7800 6269 3405 6609 1304 6878 9841 1865 9360 1949 957 5685 8084 8609 8735 2721 103 4112 422 2015 5890 2147 8440 5263 9859 6441 9556 7635 1832 4990 2727 5967 8413 7469 5426 102 1842 4420 347 2787 529 2567 8915 709 62 2888 1801 207 160 5333 9469 3166 15 5410 6983 9868 2590 5625 7161 1077 4330 1455 5682 6584 8980 4680 5637 5888 5356 8382 649 2692 4558 9646 5762 412 2450 9828 752 8421 5198 6889 3366 1574 3551 8409 542 7204 5496 874 4474 8291 9593 5689 7758 1470 772 8439 5085 2408 2572 5844 2162 9988 7183 2475 1824 9683 4310 2127 1227 780 2538 5012 7769 7392 4857 2113 3331 2814 2905 3556 4512 8420 1772 3430 5476 9256 4389 1745 9572 9830 554 2735 9134 1819 9627 2805 39 225 418 256 7860 8363 523 8398 3085 4196 5238 801 2399 979 5706 7503 6738 6802 5196 8190 954 7311 5920 3454 5809 6834 2080 7223 4181 6832 6907 3780 3630 7168 6351 6304 4722 9292 5754 2672 636 5146 3405 4833 3163 1947 3042 6244 7063 51 3296 9559 3610 1739 2477 423 5260 8292 1795 3554 7215 2413 9526 1009 6732 5222 6165 7365 413 421 8622 7618 957 5753 9943 7882 5565 238 2314 1931 3385 3745 2449 7675 3994 4612 2195 3666 3069 1427 8989 2058 6516 4680 7317 7027 8235 4220 3019 3850 6366 111 5008 2714 2104 2187 75 8627 687 6340 4714 1946 47 7506 5366 3218 2724 7809 7003 1129 6364 3048 7590 8070 3196 1258 5599 2994 706 9114 249 9476 2379 9922 120 4370 278 198 4739 4596 2440 5012 5225 5067 7841 6079 472 2946 3247 3644 7084 2148 8721 620 1702 5774 1199 1275 3485 838 5929 2744 5833 8509 5549 5686 1885 5921 3661 3427 8436 3862 2032 4215 7088 2533 2311 7631 8063 1397 4610 8699 6415 1290 165 3956 7299 9899 7302 9826 5575 1112 7672 7533 9616 1292 6876 4739 2024 4863 9654 7865 1384 5040 9038 8949 9030 6977 2681 4380 3074 9186 3159 8295 4460 51 8238 7995 536 180 8343 745 3028 8527 615 3795 4393 5945 6353 384 8816 1157 2105 7394 135 7290 8636 7414 1876 3494 7391 1964 7850 4706 6373 3720 10 8551 5861 24 2203 737 2299 9366 8029 5796 4190 6960 2058 6669 642 7430 494 8922 6847 5476 6952 8620 3297 9314 6402 4108 4097 5608 9374 5196 1796 533 1809 4911 6243 2450 4965 7931 7211 5298 1017 4254 7045 2045 4683 5439 937 2190 7385 1974 3390 6233 3204 4815 3861 5856 2711 2235 4135 2888 4807 2904 2572 5800 7930 8642 734 1106 1661 4201 1181 1349 689 2165 1508 7490 1749 311 9564 1405 2538 2754 6000 6135 435 2202 1232 9754 9163 6524 6361 4804 412 6158 9141 9783 7469 6184 5440 336 2540 8067 7915 1831 5068 3025 1892 8550 1840 7118 613 7166 5561 4469 9851 1238 2060 422 4682 6918 2376 4246 544 1939 2630 6599 311 4251 5009 3674 5679 3444 9721 290 9484 2559 7667 8955 1723 5603 6483 539 4842 6456 1549 8951 4873 1024 1671 5193 780 7533 9987 7905 1202 4463 8076 3642 491 8012 1695 1407 3221 3317 9965 3245 2487 5319 253 1770 5442 2447 1847 3030 7541 6066 2158 4961 4672 4556 4734 14 1692 3286 6199 1398 1001 5966 6935 2784 4151 306 1391 9375 3513 5196 207 7084 1894 6165 8388 2982 5010 6931 3203 360 2365 5989 4534 954 4842 6017 9654 1690 5187 9067 697 1084 123 9625 639 63 8596 1876 2824 4499 2290 2210 4792 2504 8272 7122 4189 8264 6065 4791 4304 6072 3034 489 2378 9546 190 4712 8410 7575 1865 4034 4196 1947 7970 6503 1419 4833 3963 7740 1906 625 7898 9837 9936 1816 9485 1718 9730 2983 6233 2419 2469 5326 8868 7030 4885 8586 9204 5065 1455 3868 2391 8853 3966 6972 7620 7250 9988 6990 5986 6112 1110 5764 1736 1445 6494 4036 4533 4984 9179 6667 6817 3022 731 5522 2019 2883 7804 1777 9588 6620 1120 1777 5795 154 9999 534 8603 5936 6161 9740 6003 2249 3932 385 8884 9988 5498 5332 9712 7922 6655 1309 1104 7698 8458 141 4703 5753 2378 8055 3798 1272 1603 5823 1175 3305 1616 1169 5198 683 9931 6837 5412 7374 4891 6354 5334 9072 2622 4113 6918 3034 5607 7524 8832 2661 729 1510 272 385 869 516 5202 6038 4512 6605 458 7948 857 9878 8133 265 393 8113 8447 8681 9532 766 7366 1891 8175 4866 879 1561 507 1160 8952 9248 1729 1430 9374 1953 4869 1953 1920 5823 1632 2499 3939 9689 9089 1820 1816 1347 6820 1174 4939 400 4422 2110 9404 2291 7112 5392 9155 6247 8546 9457 9632 1146 281 3315 5489 2673 8692 6549 2984 648 9387 5193 9212 5642 401 4619 8174 7408 8660 9710 4783 9965 4386 3032 3393 937 7327 4033 4907 8571 3476 4888 8256 9933 922 1127 466 6267 7671 3721 2178 7356 6072 9688 9468 1653 2672 4523 7281 2586 4464 5184 9013 9078 808 1414 2187 1916 3052 9679 6893 5983 5610 5780 5888 6767 7291 9370 6215 9653 937 4275 2503 3442 160 4296 3499 2307 343 3013 6729 3367 2961 5141 3188 5411 7791 3760 3395 3366 4232 7298 8402 5737 2444 8462 8344 698 4901 323 249 1257 8639 5949 7869 4289 4762 7871 2929 3691 3342 2960 5020 8592 4750 7668 1236 8142 8767 4573 8306 9613 7147 9632 3859 2754 6337 653 5120 1428 2208 650 145 1005 1956 8943 6942 4866 4863 2583 9446 3399 2620 6933 5411 7757 608 1397 7149 717 2658 4213 4654 1802 8252 5507 518 8994 2370 7001 7697 2709 2307 9255 6309 7562 318 2079 7600 5261 1159 5607 338 4989 7385 4426 4838 2710 5950 3808 3287 4250 2173 8272 7697 8965 4180 4291 8469 5153 9414 9082 1233 6183 166 5586 287 8327 4181 2183 1405 682 681 1272 1261 3526 6174 4633 2221 2114 833 4622 2074 5195 1051 6503 3601 2486 666 8662 7863 7894 1830 937 5641 4144 931 708 918 4974 562 7471 1899 1457 7869 608 2399 2810 243 8138 2929 3595 2720 2406 1534 4905 8513 2816 7752 1636 3623 9078 4451 923 6074 7997 1746 5706 7151 3461 7105 2373 1965 7549 6308 265 108 3497 9536 5377 7407 7987 1544 1591 948 6273 6988 4539 3114 3590 7516 8041 3602 4843 9587 8374 1321 5390 7890 635 3253 459 8890 9669 1917 27 9375 3212 3886 8667 9593 8034 971 1390 9100 127 565 8645 4890 1227 8892 9358 3943 1211 5796 267 4686 1424 7771 5173 563 8284 8299 4400 6376 1974 4971 6672 6755 448 3098 1548 4016 791 799 5251 8611 6650 186 2492 4529 831 911 354 64 7475 2805 1280 6764 9985 6650 6329 3771 8660 1529 1291 2499 8672 2238 7877 3322 14 9049 7495 9854 7926 7778 632 6775 962 4140 1326 2490 720 8028 8201 8127 6585 1868 6049 5669 7168 5739 4770 7972 1357 6824 7685 5795 5114 319 4801 5931 7837 7682 8561 2524 5224 5516 1063 5039 7981 8626 7505 955 6998 123 2524 1292 644 402 1591 6849 5894 8313 6105 4533 1085 5472 3445 4864 5390 6838 4460 5118 2199 9582 5651 1969 1669 6950 5928 8530 2213 1717 8399 478 7273 2563 6034 3007 4110 7694 2696 3048 9516 1434 7333 2341 7677 7864 8979 1138 626 442 6334 3403 6498 5509 5750 2036 7748 504 8145 8826 8816 9964 7456 1674 5121 4509 2211 7632 6557 441 239 8146 5656 7654 7918 6734 1621 104 5239 7185 2383 3571 6832 9754 6487 8094 3618 1103 991 3929 956 5022 5303 720 8666 7990 5621 1680 391 5975 5450 7210 5633 3319 675 6086 1484 9495 7453 7402 2026 102 6493 6922 2057 5124 5806 7378 1789 5913 9356 4930 1136 4358 4305 4281 6567 5708 8126 5285 5143 3596 7837 6746 840 8112 2436 6866 4120 8856 3132 5139 6915 8119 291 2215 6738 4143 447 8040 7185 3273 2308 538 8550 8826 3576 1118 1774 6707 2420 4788 5194 2504 1422 7968 3899 9363 7541 8385 537 7801 8972 7806 8026 1229 4315 4961 833 3428 4290 4937 3429 8361 3583 3274 8292 4098 3218 3576 8216 5699 8095 8980 6201 8385 724 3365 626 5049 1324 59 680 226 4867 5601 6792 8865 6139 6161 8464 3276 3566 4796 1298 6416 5653 2218 9621 3366 1224 5870 4828 228 5175 6605 746 1680 6456 6673 150 7675 7858 5098 8652 7547 4138 7828 7956 9449 2076 3374 3447 1501 9628 1754 3807 2742 4189 9169 1486 5199 7938 2393 9394 7902 723 8505 1111 6510 610 2427 7678 3647 2719 4963 2717 9325 6921 8432 9574 5311 8870 2417 3757 4064 8948 4586 52 3779 1904 5255 7001 8451 8824 4944 7474 233 5004 8237 968 1745 8602 3644 6194 1135 219 2145 835 2638 4007 4301 247 3305 5840 130 4297 1678 7582 9477 9673 3263 4711 9861 8973 2891 4465 9964 709 7725 2554 3156 1987 7171 968 9675 1995 4978 3405 154 663 5479 5774 4194 9118 1425 5508 4376 9670 8734 7778 7251 5623 3299 8327 627 7138 272 567 8532 1282 7554 9413 4404 8930 4555 7828 2817 1920 9007 2366 3526 4016 593 3252 1512 8643 7726 9128 6812 8633 7143 3063 6139 4165 3285 6139 6216 2625 1560 7952 6369 4690 4192 2053 1381 1788 4880 4421 6 1657 3728 4855 590 9638 4402 4290 7062 7359 3095 9461 1813 2412 4195 3158 9014 9340 3758 1338 1853 4561 1404 9797 2139 1435 2176 9522 1744 3018 5580 9412 49 1902 1404 8430 7930 5970 5316 160 6293 1577 1254 8003 5851 855 233 4599 6155 4034 9783 7547 8249 698 3669 4397 8073 6407 7176 1299 6940 931 6070 2745 9162 6664 971 1083 385 5611 8189 8950 4828 921 4290 522 5352 1808 8209 1810 2483 8913 7558 8199 7141 1253 9738 7938 7652 9502 2162 8369 2211 6303 9446 7788 3738 3262 357 3384 2124 857 7095 6635 7396 5559 1587 3217 8834 1745 4131 4335 325 5185 580 4390 4057 7833 6370 8954 5155 8390 8468 452 8282 6839 8020 3029 2041 5097 8626 795 7266 8165 2553 9849 1669 1740 8129 9330 4769 4065 2151 4070 6650 136 3482 9792 5548 1742 615 1103 3343 5129 4728 1540 9675 2705 8856 6539 6974 3344 442 1358 9260 6454 7067 6502 9958 3487 1732 835 958 169 1173 798 298 1600 5423 8509 6423 6749 4896 391 4079 1247 7940 4360 1934 9928 9930 7047 1618 9723 533 775 9809 6036 6820 3467 912 905 1349 1213 3457 1775 6549 6656 8588 721 6698 8916 5281 5244 4693 715 6636 9886 7938 4842 1627 9761 8434 97 6460 9266 9227 7326 8874 6919 2750 1663 4426 4641 4922 4376 6577 4141 79 1668 9640 9185 4901 5358 6211 2086 3630 8322 7694 1968 7385 3184 6344 390 3544 1889 8325 5854 1381 6957 2975 8808 2240 5436 6733 5887 4300 4043 8423 1147 11 2674 4520 1994 3223 6451 2628 9056 4547 7350 3036 1724 9009 3859 1936 4158 3653 6511 9749 5606 1289 2651 4119 2798 3586 3176 1472 1915 4163 9904 8122 832 4882 9937 4465 4691 3224 4011 669 2100 5036 4285 6927 3931 6674 1771 8041 3105 831 2098 5139 722 2240 8895 875 2450 2604 9469 6924 7774 6488 381 3059 9236 5834 3307 2590 8901 992 9662 261 6857 6369 736 7198 6676 1540 1631 2556 6200 6367 212 3543 2251 8659 610 4530 5483 1559 2945 1545 4591 4385 2635 4409 8255 4300 3286 1109 1255 3751 2692 661 8663 6266 663 7394 1359 7599 5817 9936 6570 6302 4763 4186 712 5032 9756 5701 9313 9161 5660 5662 1270 1032 866 4373 2250 2625 4427 718 1 8789 2196 5541 4247 7199 5914 7394 2692 4443 6511 125 7039 4818 2016 8164 1009 1449 4261 3259 5516 3339 2024 7011 5564 9668 9705 3406 5276 7903 7474 1218 8395 3458 3239 3436 32 2553 688 23 396 32 1866 4093 128 3621 8890 6748 287 829 9092 4333 5365 1237 6027 3506 232 1900 8058 8525 5549 912 2754 7049 3006 6246 6853 8371 2139 3230 9843 5512 5806 6854 8770 6598 9748 8094 9123 315 1769 8923 9650 9843 7059 9216 2319 9392 4114 9402 3563 6698 5446 1643 181 2826 6481 2937 8342 5393 8078 8280 5049 3198 5267 2997 5615 3424 9507 5604 4337 2185 7527 4317 2840 8964 2958 7314 7898 4632 6594 2213 5365 9756 9805 2071 3089 5037 6476 7684 1745 575 595 1501 5867 2593 1202 7686 9528 8612 5478 4433 6813 7549 1874 3962 2603 7432 5119 325 4885 8287 369 7669 8576 9484 7629 7854 7167 348 2264 9165 9840 1012 1058 8679 6976 5080 9347 1903 9142 7226 2356 3148 2879 9007 2433 9338 550 3704 5293 3952 519 9600 4214 8706 9812 4225 4843 3863 7687 7293 8124 2734 4137 4825 3297 972 8178 7756 3214 537 9058 8121 4533 5693 2287 6568 5676 3061 864 2796 9392 4186 4394 2449 9146 3860 7193 580 9841 6954 577 1816 1648 2733 3189 1158 842 5366 1623 1284 2396 5773 5378 1177 8865 6300 7141 2112 5851 7811 8160 747 7489 2397 3988 2586 7796 4499 7574 8941 2406 431 4116 38 6509 180 3212 2946 5844 1452 4585 2041 1492 2626 5710 1764 3601 113 9128 7694 519 9100 8559 1854 4887 4704 1902 1477 7804 2055 3780 5187 9251 4046 1706 4414 1386 617 229 8614 5688 6342 2222 8274 2254 1711 6400 1807 3916 1492 593 7243 5015 8040 2453 4205 5514 9211 7552 4151 8426 3560 5675 4526 6783 9535 1865 3113 6575 5190 3466 377 9149 3596 4815 104 370 2014 2526 4261 219 4013 6233 4862 6292 1343 666 4143 5762 4933 6546 4123 8391 4414 6323 7655 1106 5082 5466 6175 4613 3410 6417 1476 7467 5989 9459 3363 5913 4278 7905 7564 6004 3236 5861 9296 772 250 6598 1804 6184 2872 1307 8470 810 1777 291 3526 9716 5320 1269 8279 9651 9316 8547 3406 3275 9979 6676 218 9499 5918 625 6716 8306 8402 4416 1161 2033 9903 4080 2813 9795 3244 9381 2755 3804 9482 885 418 9806 6863 7617 8746 8081 8086 3592 6992 1667 9542 6568 5782 2286 6112 9206 4974 7242 733 1953 4016 355 9975 5682 2122 1004 2711 8966 6104 8803 5887 5679 9332 5495 2776 3511 9839 680 2191 8487 3009 4669 6796 4360 4270 3212 2403 4744 9386 8166 5134 3647 526 3168 1275 1010 4634 3914 9922 7847 589 553 4954 8218 5060 599 5340 3072 2927 7694 5239 4442 1562 5697 8614 5932 2843 60 703 5998 9719 589 1262 4259 3530 7378 4673 105 118 9557 7205 8928 8459 7110 6241 782 3417 3095 6049 7234 9554 8222 5366 4167 5475 3398 1084 3980 532 1159 1452 8770 7838 3719 9683 9205 508 8737 3875 2814 5525 5893 8872 7464 8298 7072 9374 9923 6779 654 2849 358 3135 7437 1844 3575 6899 5044 1206 9087 3778 8147 6227 7594 1094 925 5719 3485 9118 3539 5416 2187 9904 7811 5684 2137 8865 6817 9576 5392 7475 5108 2898 3619 7262 2757 1242 5618 6243 3139 6269 4191 3660 442 3898 2975 5096 5270 3905 5522 582 1394 1431 6 5023 7126 7615 5673 3561 4336 4902 1214 4393 7986 5342 1619 168 445 8494 6448 2170 1580 1703 5650 8667 772 8938 9688 2011 3978 9688 7790 140 2454 4122 2328 6441 5350 3859 1457 8729 5398 6242 7381 2980 4975 236 5772 1957 77 1369 6489 4369 3958 7694 1105 1927 7944 1419 8479 9496 6737 3270 6183 1065 181 6824 3945 3511 8156 2822 761 7050 3546 2851 925 8637 1459 9620 8151 2908 9006 4932 2132 9087 793 8104 4387 1207 1310 1478 1594 1767 1860 1298 3414 5109 1353 4633 5617 1072 911 6594 8905 1379 1172 8513 2078 6091 2518 286 412 710 7895 5381 1274 8061 2302 6015 8914 7220 7998 7617 2786 1295 5658 2404 2850 3127 3289 6549 2376 524 3143 9245 4632 9213 8445 8148 9808 5559 4625 4401 2099 2155 720 8982 6083 4051 92 6490 452 7013 3985 2870 1775 6040 3068 6132 213 6151 3854 8868 2453 1525 6845 4065 9040 8224 8843 3972 122 3816 3947 7191 5107 2514 4770 4829 9159 3608 8235 1040 5427 579 3022 6939 7017 6060 1489 4010 6342 9855 6990 6254 3889 1985 2631 789 8343 5187 1928 9337 9461 3127 6349 2024 1989 5091 5108 7620 142 1540 4963 395 9845 7013 4941 8522 4008 4128 9713 2318 7196 4548 4420 667 5156 6376 6352 1137 1110 9823 5036 2123 8537 9548 1854 1482 9346 7207 5646 2113 4639 9217 5437 1730 7603 1124 7350 218 1443 6815 8996 5480 1088 7953 3941 9667 8998 4659 5245 509 6564 955 6046 1346 2334 158 7414 134 9968 9750 8073 1438 2531 7956 4512 1437 4948 6824 1170 1922 2291 1711 4755 2672 6986 9660 3899 9183 4127 3354 1784 3521 747 352 1686 3319 6268 294 9677 4532 3463 3783 4620 8786 4130 1176 3973 2356 6018 2664 633 4668 9952 4664 4869 6750 673 2205 3181 2437 6294 4468 4296 6773 7585 1653 924 2720 2794 1851 9452 9372 97 7779 3599 181 9556 7779 2531 2079 7299 7373 513 1247 7634 5315 5843 8091 5823 2765 9523 1022 4453 3801 9110 545 8896 3139 9881 4295 337 2214 10 4103 4180 2081 3866 7247 2129 7693 290 1878 7632 4318 1668 8355 7281 1560 6643 5213 3994 4852 2902 3827 9058 8179 3944 9869 8846 498 8612 8386 6057 2558 3247 7387 8985 9978 7590 1672 9440 1871 5354 9474 6513 1508 5497 2752 1268 622 3167 1390 9099 457 2141 8106 6534 2679 681 689 1187 9593 4325 8171 1386 2316 6292 1570 1832 1093 4714 3512 2283 5057 4452 7337 3022 7126 1177 1262 4548 6910 1007 3572 7402 677 9376 1181 3112 8944 9198 3701 3097 2624 2005 9656 3724 4712 7664 6514 697 763 4031 5655 1256 250 6775 1620 1358 8461 6730 9077 2505 4159 4377 3465 287 6783 1752 8739 2690 4100 5233 6050 4102 272 1643 1683 1974 1225 1115 229 3140 660 2108 8285 7392 4243 140 4924 3611 2976 5191 1454 4795 9898 5495 6451 9793 9152 5260 6531 8970 9067 6985 8558 548 4017 4847 1459 3777 9895 6254 2706 7376 5399 8825 9954 3226 6547 3129 4599 6987 5544 8437 6479 7042 7142 5201 7132 4778 1103 6436 3143 6089 254 9582 6803 7737 6587 1002 7951 8278 1484 7920 8688 1207 7005 7374 2047 5568 8771 184 4446 5511 141 8894 3377 6373 7164 6797 9323 4752 7829 2360 9990 5223 6165 2313 5575 9486 7044 5570 9569 7818 3309 7881 8297 7551 3837 1492 1546 7192 8010 5441 1946 6630 9222 6761 3133 1422 564 4981 6056 8812 1930 6193 6856 6284 8023 9697 580 8570 4631 9026 3712 1784 949 9298 4708 7217 9968 5458 5501 9611 9617 5498 2098 146 6044 1086 633 9555 6197 2448 4043 3942 3413 6102 821 5152 5309 4878 2273 1815 458 687 8916 1063 3769 562 6473 3364 1341 9632 6558 5841 2736 8349 5277 8209 9574 8694 5295 6877 5640 4983 4748 5013 4159 9104 7333 9210 6830 697 325 9467 3045 419 9317 4206 2164 1457 2432 4274 1309 4919 4663 402 302 8913 2149 861 3421 9720 4901 5460 5332 6369 6083 947 6223 9990 1904 4579 6883 9688 5322 1359 1090 5861 3579 2342 2012 1463 9569 3345 2328 5534 3662 1014 3507 4575 9825 7724 3064 4844 2837 7183 8898 1782 2408 9622 3534 2400 2878 1651 787 8550 5367 9675 5158 733 1502 9799 5753 4221 9620 1866 5333 3469 4701 5204 1800 4110 6329 1847 6928 827 2549 4360 2057 8862 67 199 195 2214 9735 4018 423 904 2244 4487 459 4836 2951 2409 4085 5834 769 5173 7597 9565 1755 934 8421 8758 7205 325 2541 2203 319 805 6018 6642 9084 5262 2183 9697 948 9544 391 72 4185 6522 5145 2977 3388 4740 8725 3798 416 4794 6567 2436 1632 7666 402 1151 1677 912 7606 9591 5258 4607 244 3849 8699 9747 5649 1816 4427 4828 9082 6301 4174 7790 936 6045 1110 95 5188 5306 2410 4609 1564 1245 2275 1904 261 9154 8185 9246 4468 4148 4846 9822 3528 8907 2905 941 8618 5459 2614 5207 8681 6768 8875 9257 799 5470 1710 6051 7239 13 9813 5313 9315 1229 3390 586 1545 9254 1617 7784 7342 7580 6627 6473 7382 4401 6604 6789 9290 4219 779 4754 2395 2807 4168 3172 1270 5998 7450 6152 9673 3432 7675 3795 9493 942 8584 2151 4356 7636 1613 2406 6157 7670 977 4394 7109 7074 9454 9283 4968 535 9796 9042 8921 8220 5149 7975 9062 5685 2356 9910 8304 6305 1954 3759 5337 9479 5993 2078 7055 179 8725 3040 4408 9979 1104 3847 1806 8902 2021 6607 8669 2927 3367 2386 3514 8199 3363 8921 8295 361 6050 6645 2740 9074 8900 4029 5800 945 4890 3512 6257 2459 8258 3037 4072 3377 5816 9369 6056 3254 6859 6529 2512 7692 798 3369 9687 7631 2336 1924 7728 1940 3758 3340 5310 8035 7367 1317 4474 3826 4609 2173 9602 8676 6426 8103 3460 2819 6753 1464 1004 425 1270 9169 3258 8901 4224 1006 1976 3868 9277 2478 762 2878 9071 9557 438 250 9269 7454 4054 1620 4551 1445 1292 5495 6967 9060 1061 1030 1156 7676 6049 3175 704 5302 610 2242 8612 1354 5940 118 6147 1200 972 8941 7341 2518 5267 8641 7429 6625 181 1135 5252 1751 1012 6507 4527 9085 3 4052 3559 5980 1616 5657 5360 2521 609 5644 6228 6437 8163 358 5816 6594 3807 9211 5056 6488 734 1359 3886 5366 5902 9722 4545 5021 2245 2232 5740 6473 3589 1236 6867 1393 6385 8950 1886 1842 5007 1418 6007 2551 9022 1651 8678 2284 2122 3311 1535 4466 1566 717 9898 8101 602 813 5860 6381 6725 2887 6452 4642 1460 5246 9585 2132 5595 9366 3378 1097 7427 1348 5877 1960 7149 1829 3268 1477 3414 1410 1700 5422 7980 418 3168 7142 9376 8384 5463 2464 7212 79 8961 7662 8967 3755 7511 682 9975 9073 7684 8774 3366 8834 438 2895 9431 4580 5641 8039 2587 6986 4998 2594 3984 4934 6152 1617 6425 9724 5216 1406 3027 7880 4778 887 3335 6050 2047 1038 4044 5472 3564 5712 1263 2285 6050 3397 6549 6057 5535 5416 9184 6834 4782 7959 1841 1825 2218 4077 8893 7128 4281 2846 8978 4522 1863 1395 6427 9195 192 3159 6115 2890 4530 5104 1431 1724 2977 1938 2975 2108 1901 4945 2926 1055 1698 9461 3143 6652 3950 3891 259 7276 2953 9626 8128 5166 160 2011 284 799 1777 5740 9987 9816 542 798 1589 6648 6012 1262 8668 7203 139 3081 2636 7531 1995 9316 9435 3598 1453 1083 2483 9088 1591 1624 2870 4667 8828 54 6050 1781 6700 8982 485 8897 2472 3458 4098 8167 8313 2849 7380 3816 7633 5866 7315 2989 4753 5708 8821 9312 205 2493 1094 7565 621 4689 1083 4810 7941 8590 580 9141 456 4589 8992 781 4248 4404 5958 7939 3105 6914 6656 5810 8215 9994 602 9165 1885 8324 428 7368 3207 1152 7332 1019 1602 637 4440 4306 5091 2409 4299 7655 6909 233 2381 9204 5175 75 4344 8164 4749 5178 6760 1210 4933 4515 6314 1108 901 1125 1641 5504 9908 6910 1541 5536 3390 1092 101 3259 1548 4816 6110 5412 7219 7858 8548 8671 2075 6497 1072 4352 2131 8097 7283 3270 51 3595 7371 5481 9379 5735 6403 1152 6202 4733 1471 3286 441 8109 9017 9773 5033 843 1254 3811 2610 2607 1948 2309 2685 7580 9831 2561 9741 4863 3306 3872 5049 6522 4100 5652 493 9122 4147 8670 7203 7478 2285 9748 43 5249 8700 577 5250 4034 5146 4797 978 3898 5294 174 6726 2357 4485 2159 433 6172 6468 128 2320 4938 7005 2142 3021 3150 5329 9348 7237 7585 6549 8178 2316 344 9384 2094 3887 1356 611 857 6443 2649 6785 4787 5901 2211 3537 5824 4361 1456 1130 7773 1774 5601 1231 4942 3033 9490 4196 1402 9850 8149 8704 7913 212 7194 5090 444 777 7667 5112 3327 2565 5749 1182 2827 2825 6416 2900 9550 7276 8882 980 7775 9773 3161 3794 8428 7739 3016 6021 9974 2264 4620 3365 6064 7820 5567 3636 5908 3270 1869 7986 8551 7432 1589 4268 7902 7636 6594 3126 4336 529 8123 7961 5262 9123 4616 1885 6449 1642 5638 4331 9906 9225 2028 7020 8592 8218 5039 1094 2925 5168 9059 1513 6186 1965 4531 84 3316 8613 2258 9406 31 5538 7587 9506 9523 9082 2087 4569 4468 2078 9701 6446 7430 3620 1598 6335 6463 1159 5617 4560 3935 3949 8380 7076 4735 5450 3205 6462 3766 8788 2504 1572 9794 9318 4418 9606 9541 888 45 3854 8493 7519 7356 7944 1240 3089 5834 9843 6727 6460 1582 9385 4467 1847 2402 6236 7710 7241 7748 9489 9180 408 1548 5169 1793 1717 31 3278 3996 4999 3620 851 5076 965 1189 5423 6962 4488 3432 3491 9744 1231 3182 249 816 7541 3275 7960 1936 9520 8728 6278 8108 2171 4262 6541 5813 8183 9044 6561 2960 5550 4754 4080 1314 6552 8054 9275 4379 8353 9903 629 3648 954 7705 1785 5134 3390 1041 321 7548 2841 6521 7732 4336 9220 7869 511 3876 1460 7575 984 1738 1428 6048 9470 7614 5712 3545 8149 2972 4436 1417 9249 5425 6707 2871 7953 4806 9276 5322 7102 7994 5050 4702 5780 3039 8684 6411 3776 9624 5428 6017 7402 4258 7971 5222 357 465 8245 4756 1717 9147 7241 956 1984 7067 6868 3439 968 8607 3222 6399 8424 7267 2365 8353 7837 9089 4137 118 4903 1705 1264 7962 2160 9678 1426 6812 1948 4129 1247 7519 3442 3474 2184 4929 1642 6644 948 7370 1303 7777 772 4135 4583 2670 1065 6824 5112 4287 8372 8806 5405 2078 5742 1274 9858 3016 8329 1545 9628 6184 183 6404 7813 8985 9433 9328 2902 2774 5755 9664 8757 4948 1150 1820 6050 2051 262 9900 5372 7360 3397 4645 5898 8783 1239 2552 4423 55 6128 4199 653 4750 579 4713 2037 2871 7301 5264 7853 152 3697 1289 315 5217 2796 4020 9634 6570 7436 4405 9106 6733 7669 458 9941 404 196 7133 5271 7972 1487 204 2454 6794 9100 7256 5419 9252 7154 8971 3222 1251 13 9181 7825 607 3366 1496 5086 700 7362 5898 594 2220 8858 3116 198 3302 651 9089 2844 5333 286 113 1567 1524 6939 343 2750 9176 5737 4567 5914 1854 2777 4547 5854 4535 6965 1824 9567 6688 3186 5909 7907 3335 1085 8452 9511 2684 710 6764 1371 5940 390 6830 7473 9764 886 3486 7079 620 4547 5757 1937 8289 5661 101 9994 2879 6911 6004 9340 8399 884 7468 4606 2054 5991 6346 5357 4302 2379 1702 575 7753 3341 8378 4292 7346 3335 6007 8013 4023 4294 4133 7474 2964 5167 1753 2398 1217 8509 9083 846 9168 3726 7880 810 8975 591 7334 2627 1685 3892 6950 6734 5659 2668 5135 783 6183 2277 4889 650 8449 2140 3638 3349 1600 632 2456 706 981 744 2303 7932 3947 8889 7649 4896 9932 6652 8767 8078 4440 2920 2598 1616 1474 2812 8131 347 1499 231 6923 9411 8195 1692 3338 563 4924 4224 1130 6349 4370 1814 8182 6319 8232 8077 8783 6264 2149 7928 4191 1417 5487 1662 6396 6318 6710 5731 7983 3791 3524 855 2102 1442 6179 1310 2951 1988 9745 943 2662 9016 2208 9136 8201 1903 5296 8595 2025 2569 9776 9082 1196 1450 5522 5152 5905 4656 9808 9835 3195 9332 1340 636 7458 4911 556 7497 6246 5135 8949 4158 8981 2187 5015 2111 7887 9683 4490 3345 5161 795 9431 9530 8031 4393 1322 2325 4653 7005 598 7210 1855 9825 106 6126 7687 7313 3635 7047 415 4925 434 1763 5216 365 3007 1050 658 372 8478 832 6405 5111 1889 2367 5296 3872 206 1109 2135 6462 1379 1930 2706 9999 4455 2245 60 6097 4658 7663 2234 6454 944 5560 3533 6310 7793 1016 584 3785 7701 4089 5478 7317 2087 5443 1478 3684 39 568 2121 8218 1372 50 9614 7526 634 1209 5051 5271 7024 9033 6366 1153 2229 4643 6532 3807 677 3523 3019 7147 1446 50 6371 3628 7424 7517 4651 3967 4764 5366 9881 186 6731 5770 489 1949 8203 6370 1866 2634 9366 1757 2596 6166 7659 8174 3855 3200 5425 9298 2273 2321 1241 2949 9046 5125 9460 9333 3541 7801 8869 231 1120 6837 535 3577 4972 221 1730 2840 1218 4242 8939 9491 293 510 2841 9216 1108 7552 4431 5517 6707 1348 231 9849 2197 5607 9451 852 3693 138 7386 2724 4118 8132 2793 1641 1214 3933 1864 2404 2554 1640 5463 8499 9479 7841 2232 2592 8173 3720 2550 8572 8104 908 9335 3414 1562 2667 46 1248 4075 8873 8660 6003 7586 5055 7672 9041 793 2086 2564 4140 9596 5700 2818 2566 9762 1990 831 4264 8128 5119 1567 4071 5066 6784 2785 1907 539 2153 1892 3378 470 8238 4346 3293 1742 7917 4572 7913 403 1087 1102 7193 9262 5549 4581 1922 1408 3126 4182 3023 5558 654 7425 4070 6847 7704 5357 3658 9568 6472 8725 4850 2088 2642 9412 3419 1072 6983 1517 5769 6326 3681 9759 9076 2746 8572 8487 6016 1495 2664 1142 7725 9318 7484 5764 2609 2288 9806 7908 2594 595 752 2282 6953 2183 9437 3835 3571 497 1844 6228 4874 2728 3860 2430 7363 4438 5945 4736 3513 528 2821 3877 58 1466 2098 1920 176 8117 1095 6301 2707 4299 2218 5690 189 7436 6774 6438 2703 1977 7581 8888 6706 1665 9183 5251 768 1307 7099 4921 6755 8595 1524 5102 2846 1096 3704 9854 3707 8950 4222 8017 821 4559 5278 4541 4280 6879 4054 9357 6437 6208 3065 8306 9194 2011 154 8743 9761 2448 5258 329 72 904 8574 838 6209 505 5301 1525 2123 3450 2009 5543 7665 2296 6435 8588 8160 1896 7012 2505 2159 2621 8193 8520 6714 3292 9150 2897 5952 5071 4671 1944 7007 5015 1179 7655 331 3493 6450 285 790 9243 1920 7447 2957 1630 7682 1742 9983 8990 1561 9105 1156 2154 1117 2196 5627 7390 3187 2089 1012 1278 610 9375 7551 9143 1186 5432 6533 2596 6662 3647 4294 5231 3292 73 322 6488 4803 379 1580 2555 5484 5693 9243 8941 6548 9998 8739 1303 4992 168 7749 7446 1066 229 3682 3858 7852 7361 3429 7389 4778 1586 3665 6511 1173 8614 3448 1232 1837 5036 9535 9333 6742 2118 7838 4159 1918 1212 8076 9920 862 2597 7962 6991 1664 6274 8287 9310 5072 9947 8004 5114 661 1006 1921 2226 1410 501 6088 1724 9384 5944 1343 1189 7935 6003 9492 7720 1220 2056 4877 7712 7269 2616 125 993 9675 7902 1774 9076 1383 4701 75 49 9664 2972 8524 2178 3868 318 360 8101 7997 4727 4790 5107 9070 1052 8517 5503 6702 3978 9597 4273 3628 9545 2773 7571 4 6274 8231 3547 5496 1983 6752 7979 931 1011 2156 4053 9210 6586 1218 3699 324 1009 267 422 2027 1513 361 7662 7172 7048 3606 9849 2923 481 1738 6351 7506 8405 8194 3773 764 5466 3517 7888 4629 4507 5176 2357 1045 7744 3676 3358 4500 7503 1222 1592 6096 2179 536 7547 6924 1036 8559 1505 6619 5831 1220 7387 3598 3776 4183 384 2411 3829 4216 5799 1951 6381 4696 2248 7620 8936 8352 8958 9686 4920 2015 3727 738 9457 154 2783 1281 8173 4256 4193 2516 2084 3788 544 7952 8794 5166 1901 5836 4600 4459 8170 7880 2640 4276 8471 1824 9691 1461 42 8833 901 6223 8756 7292 6460 3160 2498 6585 9316 5248 753 8589 735 3768 1654 1263 6795 2095 1964 1079 5852 3757 1263 121 1756 6691 6425 9489 4544 6514 3195 382 1709 3868 6495 1732 682 9096 1787 5740 7784 2537 6377 7455 4896 9393 2516 8020 8043 2370 6565 2822 6200 8918 4543 8473 1897 1167 3864 14 4111 8161 3737 2101 6072 9727 1880 7442 7397 2035 7252 1603 3825 3570 8608 9138 9919 6192 1972 8198 9731 7071 9584 3150 7572 2350 8978 2689 5392 6144 8122 1279 6785 1113 8492 4477 5182 2256 4966 7983 5189 2722 4227 1894 1847 7780 111 8300 5 5291 9292 1102 5978 2031 4484 4330 5208 9293 4272 1848 1496 9276 9960 7502 9804 7378 7484 1790 8856 6360 8162 6019 3184 891 6785 1516 8723 1045 1438 4248 9897 3419 3557 8755 600 9528 5386 4960 2125 7819 1632 519 9162 1900 9722 5840 2651 5636 7776 2113 6605 1693 1765 4389 1056 5720 502 7470 2716 8462 8261 9228 4883 7369 4279 6974 8806 1060 5994 6584 7418 4368 1003 7062 1500 5640 104 2560 9187 3559 2401 1774 405 1593 8420 574 93 5375 2458 9476 4555 4343 3068 1825 3564 6764 8009 2599 1035 1801 7900 2619 3496 2676 1066 860 8552 4728 7225 4100 2750 5491 3128 5356 8089 1378 3130 9461 8285 1930 5700 1044 6358 6681 4538 798 7851 6827 7269 6261 6351 4449 5048 9425 3310 2079 4771 9554 2822 6453 1255 7076 1059 305 5994 6772 8256 50 4318 7811 778 1984 4782 2249 2711 8218 8168 2316 200 8384 3313 4080 9051 2611 9269 2465 356 1977 5502 4575 972 6245 5784 1673 6842 9703 242 9886 5362 8592 4455 2559 7723 3272 2990 3113 2358 5380 7342 9954 3611 9554 8902 8738 4822 6342 4748 1844 1442 5674 6453 1148 1060 1522 1221 9323 6140 6526 9383 7889 9096 7203 9438 8050 9817 3596 2349 2989 3737 9341 5028 3625 2701 6825 8300 1168 9048 5988 790 3377 6689 8235 1246 4448 9142 1682 1398 5025 5536 910 8432 2229 536 9765 1979 7732 1067 819 9154 2252 2218 9423 7618 1720 8789 2285 1739 7797 4042 7268 1816 6449 6760 3090 3314 1748 9896 9807 6962 3956 462 1360 2838 2611 3229 2141 5446 5228 4329 6709 2903 3999 1793 2464 8319 8968 7580 2550 3722 7142 1810 654 7373 6155 5631 9273 9289 8576 468 5424 9219 1467 8591 906 625 8067 2108 9411 8327 1571 7468 2026 130 3421 9988 1754 8229 3041 5321 2604 1955 446 2987 5834 9356 6696 7823 3110 4539 8715 9394 2812 9055 9247 6442 3718 249 4812 4575 3103 5925 2432 1658 4202 573 8431 7421 4260 3562 3482 3268 8567 5644 5507 3434 6176 4780 2447 3935 9299 5936 6973 7672 2701 5247 7463 3847 6795 1669 3927 9421 3961 6969 8124 8621 5197 8238 732 7171 4470 8423 4476 4293 5551 1038 2846 8713 2568 8550 5194 5111 8135 1855 1952 464 2266 1691 9852 8415 7200 6351 1979 671 1945 2539 3598 8925 2572 334 285 9247 5016 963 382 6277 2572 4817 2310 239 1274 5154 5822 272 4441 9409 505 5393 667 1866 3094 1065 367 1725 1025 971 6232 6067 3983 8145 2253 3876 6378 584 3282 5528 201 411 5942 700 9235 7428 8847 2504 8165 4417 6947 1679 515 8708 7976 5446 1276 6029 9023 2264 9681 8203 6908 6105 6278 7937 233 6314 1018 582 3100 6044 4804 6736 342 2841 2751 1089 2749 2559 7927 5858 8908 8782 6420 1887 9017 613 358 852 1496 5640 354 8871 4350 9092 429 501 9801 9366 7237 1729 286 1561 8008 298 3282 2430 3007 8957 2429 7937 8219 683 1948 4041 5380 5037 598 7280 942 3620 7250 1028 940 4709 9847 3822 9945 1350 8147 721 1861 50 1568 6245 5500 9459 2340 2164 8414 1233 6552 6372 9562 6597 3291 2279 8348 6259 7672 3871 1033 5736 4741 6342 3129 8848 1133 1437 6820 9307 6993 7875 5504 192 8426 6616 4842 3123 690 7939 3938 2275 228 5185 1580 775 7457 9823 68 2283 9941 5002 1586 6373 9097 996 6862 4109 3466 970 2150 972 1961 3220 1502 3732 1556 7084 9303 1808 7110 7155 7267 605 5019 5120 9608 9242 4566 8970 3539 2300 9094 7640 9887 789 9974 5911 3110 3013 244 6572 7206 1794 7669 8955 2520 1940 2567 4407 1261 5508 4903 1483 2650 7207 4467 3736 854 1333 3106 6288 2786 6894 4963 8339 632 319 2628 2439 2166 9473 2389 7517 2365 9460 8172 3249 9477 250 585 3235 7732 5830 4044 5796 8127 4455 1334 3715 1632 6928 6094 7081 2856 6346 4901 4305 1462 8539 3452 4508 1513 9865 1732 2659 8179 6042 6517 8543 8782 6558 8420 566 8675 9391 9039 6470 1689 7191 2059 1159 9499 9219 7680 9852 2590 3399 2706 5099 9121 642 596 9245 7957 1955 2088 8744 2607 5852 9658 475 3403 150 8094 5753 3155 1654 7223 4153 3425 4414 7834 3453 50 9175 2081 2915 6315 2189 8628 5401 4992 9595 581 9748 9330 8745 6491 401 1017 2051 1842 6189 99 2780 5313 8803 7644 8627 4300 5461 1678 2053 762 1405 122 6611 6346 7780 4920 1013 9362 2242 3404 8910 5528 3383 4489 4626 7188 1849 7882 5574 5685 4335 8351 7592 6068 9310 8789 4095 8806 5746 281 8499 7701 3711 2894 9119 3121 7464 4781 6166 6355 544 556 8180 387 9023 7778 919 7339 5191 7850 670 1099 5063 4198 192 1726 4752 5110 7920 9341 9095 9626 3536 1954 3114 1716 4836 7888 951 8833 9800 1969 345 7289 308 7408 1507 100 5871 392 7650 208 4898 6364 1727 1937 350 1177 2194 2536 512 105 6637 8360 3876 3273 3016 1812 745 8958 7032 5500 9300 6083 1270 1850 438 2741 9949 3384 2962 7939 6036 4421 9130 2592 4717 2424 4761 4220 2124 8867 5591 8130 9932 8923 5928 3395 4703 1351 8838 4706 2165 9768 3440 9489 831 2664 867 7068 3891 5045 1528 6324 579 1824 2014 960 393 9233 2586 943 9078 4846 188 6048 4812 2012 3027 502 9048 373 9956 7414 9844 2106 695 4963 4427 4491 3362 9436 2687 9060 3370 5572 5559 5626 8279 1010 1085 2503 1608 4042 1016 3090 1879 3788 5844 9347 8206 9227 2043 789 9945 8353 2302 9549 1998 8961 9812 7802 1307 1725 8887 429 2751 457 8682 7515 428 2351 8927 624 2075 9269 8249 3623 1552 2412 1870 6439 5887 8954 7567 7456 3504 5467 7739 1847 4143 5459 4320 2173 327 3111 6547 6871 7023 6668 7235 9978 2581 192 3721 5781 1163 520 3442 8339 7872 3050 2160 4289 192 7212 1854 7101 3102 1228 8626 848 1921 6577 8712 4590 4892 6674 3997 971 7075 1878 6393 3983 1099 7035 5073 5645 5745 3675 4379 2081 8350 6892 3027 456 4937 1815 3486 6629 4525 6476 3405 8353 8748 1955 3332 2210 2789 22 2763 2496 9650 8509 6453 9604 8421 9290 5792 4449 1316 6598 6732 1559 5506 6268 9519 7989 8096 1493 1704 2048 9636 2115 4786 2722 505 2145 876 4068 2343 1899 5879 7774 1189 4363 7295 4318 7531 659 2957 7448 8605 834 8525 5358 3477 800 2652 9264 4575 4188 5332 9541 2540 4649 1450 6106 9999 9684 4695 6602 9660 8345 5111 9695 594 4758 9455 248 7494 4912 9618 5387 2498 7141 133 7773 1406 2946 7713 9376 1742 7062 8313 9932 1723 6182 813 3377 4199 6322 495 8124 6923 8232 9268 1097 8163 1464 5820 9687 5149 4184 325 5570 7581 5496 2589 9437 8981 3529 5959 4446 5587 6489 5249 4222 7915 3346 4563 8737 2535 3029 6330 2659 2396 8800 4821 6916 1119 8232 1632 6806 3416 6211 5599 788 9830 7860 3741 3925 4738 3436 151 9921 4568 8063 4786 2515 692 9446 356 1872 5833 4451 8145 7799 9352 122 5284 2041 6383 6957 7249 3179 5760 8792 5768 393 7683 4335 4861 6686 4990 6389 4550 3969 6836 3823 1765 7858 173 9544 7351 6262 4613 9990 4236 4079 7142 2332 5671 3455 7802 9825 3688 7790 6187 9793 8824 4763 6510 8083 6805 575 2129 4475 9391 8552 1936 5025 7842 2404 7022 7073 677 876 6321 9956 786 2212 8431 8400 6967 8096 6152 7163 1549 1496 2020 5445 7031 6991 8607 4871 2780 3089 3553 7078 3641 6652 1875 9373 2561 8480 2447 1066 9734 6777 8103 2183 3565 9245 889 9660 8892 2225 1906 9587 6551 2561 1120 4812 6924 9504 7660 3522 6652 9132 5512 9182 3307 9509 53 6555 5049 287 3737 617 2658 4983 8494 2646 6227 2403 3806 282 2670 7596 6926 3089 6768 2192 201 9790 1008 2979 2591 1006 4635 1015 4797 1371 4830 4924 9567 2707 627 7737 1490 7656 9089 299 1263 4841 7549 6317 4245 1728 1029 2521 2775 1181 926 2398 982 2340 4987 1891 6479 9042 5298 2923 1512 4293 4458 8953 3207 3181 5896 4309 1317 9710 9098 4095 6033 5943 1427 260 2583 3832 2664 800 706 1055 7338 9203 8495 8324 7141 662 9333 262 5096 9215 770 6965 6103 5907 695 2545 3646 6428 7671 9907 5334 459 3196 2346 4108 912 6971 9257 7776 23 8905 4656 2204 9429 1085 2599 6182 1348 5320 4818 71 6124 9298 2929 6253 1123 3143 9047 717 7925 8322 5902 877 39 1769 9657 6962 6824 4409 6267 8069 8809 9715 4838 4075 5615 3175 3925 5093 3191 1072 6542 2453 57 1601 9634 9059 9264 4126 2920 7375 1737 3277 2025 3079 1737 4926 2701 9243 6724 9674 421 1215 4028 2408 3674 6625 2167 4198 1127 60 4756 149 8482 2988 9295 2725 1825 5714 4947 6916 9146 6234 975 9697 4363 8028 8252 3845 9980 9792 3982 853 8417 6390 6345 8721 757 1412 5366 9664 3091 7073 101 272 134 8610 9525 6568 7076 8914 9347 3409 8086 9496 6160 1445 7372 7779 534 1094 4751 5337 6603 6578 4246 1505 7447 9013 1053 6813 9971 8399 2611 2557 7074 3320 210 1375 1076 2034 8565 1787 1897 734 7621 15 2451 4001 1108 1430 7791 632 6718 7726 6 4329 7501 1513 46 1644 4284 7396 1542 7003 1469 4439 1779 6406 2175 7389 7220 1337 5066 4501 8588 178 2078 5767 9649 6157 2923 8507 8561 1651 9265 1158 4245 6595 604 6262 2344 831 4920 1777 1353 922 8123 7689 6879 800 7635 1714 332 7 5421 8727 902 9957 2232 1546 2194 1714 8538 8347 6865 271 3297 7723 6784 9175 1580 8176 1867 8789 2811 9227 5314 614 5556 473 526 1936 184 696 4661 9651 4069 9339 1340 2448 845 8334 7469 3319 9271 3485 4986 6773 7860 1859 2496 1181 1285 5647 8863 6358 8091 1372 1209 2614 5120 6928 1897 2174 932 6869 2934 9654 2746 2711 3432 2489 7124 3933 9195 1397 971 7963 1761 8364 9524 359 5357 5038 7871 3035 2909 6843 9042 7722 9767 6771 8230 998 6728 9104 3601 9586 4216 9943 7092 6724 34 1851 6724 1261 4035 9682 622 1787 1521 1948 8535 671 5054 3713 3395 1739 1837 7707 1463 7374 8052 708 1904 7059 6242 6176 2197 6086 4979 9294 42 761 1185 3691 7287 8359 3294 5224 8041 2007 7920 8590 1591 9826 7612 6255 7207 3592 6198 3342 7602 4544 8839 897 5989 3759 2688 2069 4410 5963 9102 8724 4598 176 6254 6403 5668 1154 147 5615 3106 1637 4566 6281 139 2746 4766 3950 1493 7466 8640 7836 619 6871 4008 8818 3165 1249 2105 2392 9911 9463 7873 3631 2127 9055 2865 9770 9635 7928 715 4525 1299 9661 4396 8245 2074 9469 4589 2472 6803 969 69 2206 1194 3277 2849 2032 1712 2882 1558 4144 9283 883 4453 1658 2366 5759 5201 3273 4476 2079 222 3404 8163 9337 1370 794 6206 9620 5328 2501 8219 7676 4106 1627 3687 8872 4823 1410 9975 1818 3598 9557 632 711 2178 3754 4041 7384 166 551 1927 2128 4067 9780 377 2655 2167 3777 8862 711 5408 795 1956 2669 9242 3740 4442 5585 8501 5601 1896 6113 7338 6720 8509 9019 6255 2489 2553 4226 8457 4940 4637 6179 2290 6187 1919 3113 28 129 2818 909 2357 9124 9830 2530 1147 7575 3483 6000 2625 9332 4252 9167 2914 4488 8378 5463 2069 9902 3366 6389 4562 9472 2772 5760 9573 4011 9596 173 1984 5251 7298 9664 1110 8103 5416 2580 7589 1862 2819 5053 3347 643 2187 4811 1485 341 455 5890 6875 6881 2009 4408 1224 1340 181 1983 8001 7947 5816 7572 3324 4238 742 2614 6779 1661 8964 4107 1825 2257 904 7263 1460 2582 2606 8383 6932 8687 6940 197 5338 7627 9608 5860 4980 1895 2696 1079 7073 7700 8587 9477 7592 9114 8038 7752 6350 8733 2481 5438 2599 6879 8179 575 6860 7046 6315 3953 5230 3631 8177 8936 2298 6883 125 4289 5086 2185 2598 1633 923 1821 5981 2634 2123 3295 8827 2654 1444 7103 4647 8103 3518 9704 8765 5286 5154 9242 4188 9866 7844 8972 4799 5011 1698 7169 350 1975 2893 8491 5845 2885 5559 9406 8902 1449 2509 2662 6427 5552 6632 5099 3134 7900 8143 2708 8764 8505 6591 9386 9927 433 7261 9902 5580 9214 7659 9854 5445 2702 5241 180 5919 6427 9934 95 6622 139 903 22 607 4261 2816 1594 9518 6598 1057 6492 7962 3539 522 6543 2838 5936 6994 4078 1281 9152 8940 6849 7864 1757 7227 1852 9979 3435 4872 4073 2941 8888 7713 5112 351 23 6612 1539 5440 4701 6173 6887 3662 507 6476 319 2288 3693 4346 3315 7415 5858 8942 610 5665 398 507 5036 1632 8508 8604 371 8331 1080 8834 1826 2164 5356 973 2127 5370 9753 7354 1117 1311 7416 1388 8101 477 9761 2110 6358 7636 2716 8472 4138 2503 8615 4992 8187 3704 3063 4002 3029 2257 9906 6723 3758 7924 8973 4563 4932 6613 2497 561 6102 1111 7395 9603 6118 740 3396 2406 8877 354 2694 5747 6512 9330 3441 8851 3921 3770 6405 1348 2168 8085 1760 4860 1428 4265 1938 2381 9308 2074 2414 1706 5691 9709 5924 4569 1148 943 894 4537 9010 423 9416 3622 7356 8234 5107 6811 7318 318 2955 2792 1219 6480 4536 7748 2282 7034 2130 2372 2383 4719 3257 8796 659 2969 3603 9909 4974 7317 1751 5440 3516 1917 1625 9594 9606 1367 2583 9089 7619 3820 5028 662 1391 6475 7635 8147 3466 8526 3623 7119 131 5886 7512 9791 8711 3203 6152 6656 997 6158 2502 2002 4388 5355 7651 5799 6743 945 1875 2460 8223 1196 1751 7463 9970 7165 6425 2610 3515 255 7303 3847 6306 9741 6403 1981 4478 4707 7178 7713 3160 2130 5652 2136 7777 6009 940 7316 2790 7552 9424 6421 2227 1350 139 9266 2022 477 545 3177 3430 180 1947 1651 7972 4982 7124 907 9520 8225 2642 6161 3183 7194 9673 314 1227 7294 8365 8330 620 4604 5942 2564 5190 4098 7865 7856 1458 6709 5605 1215 1138 1013 1451 5340 2735 6976 3905 7604 5093 949 8088 9719 6098 4444 7309 9263 283 148 845 432 5343 8349 6413 5200 4064 9544 9417 9657 9967 3452 5947 3581 8727 6378 2062 8826 7053 5618 4179 5198 6614 9287 9716 7980 3018 1505 40 9967 9112 9186 7190 5391 3689 5100 6253 9666 9961 3168 7171 5732 2548 6665 2956 922 5213 1883 5150 660 2389 9174 9650 9537 6426 4400 1614 3479 2830 4369 849 9971 1578 8240 1326 1310 162 9535 7917 5089 9226 7971 8622 9018 1977 2374 8448 6607 2077 9584 7201 2338 3520 435 758 7494 9338 5590 1917 7857 7734 4629 5921 2307 4009 3126 7839 2006 2576 6399 9830 4390 2362 3399 3620 8162 9879 9434 8511 8868 2190 3521 2592 1694 1301 1633 3911 9733 1548 9682 2187 5698 6011 3939 1249 1030 8590 573 5359 5934 6525 6037 1921 3208 1265 5349 2667 5381 8420 2301 7968 5888 8121 4182 2515 2269 4364 1224 9788 7941 8954 4413 6334 689 948 6789 3254 9525 5504 4827 3174 655 6449 1623 83 3744 3064 8934 316 1371 315 1031 3148 9643 2133 1271 1586 3946 4653 1568 7807 2063 1612 2269 3391 6695 7449 3265 5403 1127 9095 1049 8462 3905 4562 9167 7255 9222 9046 8480 79 3163 1585 5744 9116 5902 5114 8173 6772 5083 193 5089 3350 8602 4808 9420 4741 2219 9891 3521 1591 8501 5100 3615 2445 3595 9162 7508 6804 3889 7427 7533 3980 733 8800 9393 9669 5921 5952 3022 4627 4840 4015 9811 8842 6783 9688 1249 9658 3174 7033 8844 5521 7031 1718 4422 2541 6742 6321 1085 9137 7481 3352 6084 3002 3162 1839 528 7346 283 4928 3172 2357 858 8000 3823 7138 2389 2627 7891 6996 7343 5411 5050 4098 1428 9613 740 5748 7769 8189 4404 3399 9064 1660 3340 2178 9706 1126 3302 6186 2293 9249 6885 6755 2649 1802 811 904 2229 6930 396 6269 2687 9338 3554 5730 1892 2538 7363 1419 1277 4696 336 1934 3187 8583 7727 2732 4260 5934 6396 1732 6279 3051 4411 5269 1596 1159 64 466 1367 7292 9027 2107 1806 1972 6910 329 2417 5012 2761 6793 6506 1849 1817 6894 5429 2818 4116 4400 897 7774 2392 5497 5895 2935 748 7698 6492 9583 8167 8729 5890 873 6032 3190 4707 4252 9429 3774 5248 179 7392 7000 1799 6201 4615 3630 5155 9987 9363 8646 25 7006 3939 497 288 4124 9042 3428 9072 6664 2838 9029 5679 4530 7339 9928 503 3191 3791 6219 3660 6416 5391 1214 8444 7615 98 6231 2760 9877 4004 981 531 7303 982 8484 4088 9842 7188 2497 177 9772 6327 8974 8869 973 3628 1239 4017 3583 1044 1014 7482 7954 8414 7572 5138 6499 2466 290 1354 1965 559 4807 4871 7344 7368 2714 4024 6401 9530 66 5286 5123 4785 2139 7389 3685 2027 9469 9178 3531 2301 1320 2037 7025 3493 5490 9681 6573 8751 5669 8914 2661 7996 8642 1214 1889 1472 2410 9543 882 2395 879 2824 3939 6123 6374 8654 4767 576 9312 89 9987 3200 5193 899 4486 7947 576 48 2102 8818 2664 599 2532 4499 591 4064 4547 7272 3837 1118 1756 257 335 319 6294 2159 5493 9409 6021 4835 584 2727 9376 8822 6033 9740 9191 10 2486 8856 3429 8129 1381 3665 4610 237 4950 6404 8397 9879 3691 8548 1656 643 3420 5474 7267 4772 4817 9117 6174 9581 991 476 2505 6008 7671 1418 3087 2665 1531 6128 1442 2213 2354 858 3320 6288 62 4787 8135 3397 5708 4354 8445 1994 236 633 787 3138 8402 1035 882 7732 7820 6895 2423 9964 5444 8114 8883 7041 3144 9297 2038 4967 393 3175 8317 8485 9393 1476 6233 1370 9592 2079 5843 3660 1544 14 8557 337 1808 4979 5498 2497 710 1880 3792 8731 6192 270 5149 7320 7877 4899 5496 7581 1808 8179 7882 6341 9829 5072 1244 6334 3782 9060 5570 818 7688 3542 8361 1209 6562 716 6765 5229 5494 3808 6286 414 2723 2118 5684 295 5866 5181 7104 9617 8880 1684 9989 4118 2307 9886 9495 4729 992 6425 739 8484 1364 7484 2991 7266 1233 7343 6659 4798 2052 7391 5657 8716 2117 8914 1216 5814 5135 8728 2695 3465 5392 530 2312 9762 1187 9335 3395 3059 2668 8021 4157 4730 5923 8278 6856 4548 2053 2211 5781 3758 5384 4748 8199 5708 7422 8633 1098 1870 1595 4299 6948 1583 3866 5350 9451 431 412 7011 3127 7892 691 7025 2792 1309 4303 7004 9371 1927 7830 3697 7194 1107 1145 5408 3522 760 421 1347 2681 1205 3511 830 2319 4794 1092 2264 164 9735 1816 5609 4955 1396 2285 2100 6077 883 94 2151 6033 6644 7804 3968 890 599 113 9075 9009 6071 2707 9849 1941 7477 8731 3595 1809 3986 1527 1183
请输入各个物品重量：172 557 435 557 433 246 984 109 25 738 773 633 80 49 262 809 970 672 921 842 324 536 297 350 994 588 648 78 466 810 629 733 305 598 391 615 365 924 273 250 267 69 774 580 730 875 966 189 112 928 746 366 107 308 444 874 906 462 291 676 901 165 646 721 314 886 990 896 482 737 641 311 131 496 996 719 167 424 961 330 469 427 482 252 287 132 92 537 875 604 503 133 54 925 461 498 550 326 409 757 358 454 283 209 888 164 737 121 134 494 271 656 889 744 970 939 894 32 753 529 590 912 93 450 740 603 267 910 661 92 384 23 787 427 260 106 642 185 546 554 751 6 791 670 357 889 305 331 946 224 578 53 569 712 661 626 225 295 896 815 199 328 370 143 471 896 583 777 97 943 770 946 426 768 58 420 687 140 840 261 137 971 128 154 934 909 526 285 524 753 123 684 244 684 384 333 868 988 362 775 253 557 7 922 14 940 783 730 993 514 255 720 917 195 602 890 867 839 801 283 797 545 61 998 708 774 233 127 649 648 117 195 246 348 881 265 285 569 551 41 521 763 181 396 413 702 841 163 154 110 389 869 956 430 301 84 639 256 678 599 398 709 546 445 508 445 809 224 527 288 354 264 585 374 810 906 969 349 92 424 409 65 219 986 897 449 236 46 149 216 342 676 218 888 446 13 71 406 463 670 706 618 591 695 328 109 896 793 144 416 780 126 850 18 706 739 428 298 969 300 646 550 34 751 127 260 796 164 567 831 306 707 239 429 303 406 493 694 140 529 948 535 665 879 220 319 827 695 110 329 13 807 674 588 658 375 660 16 977 473 693 522 290 599 62 481 401 246 890 362 577 746 372 689 218 995 935 753 581 582 413 710 983 606 610 929 605 564 729 699 248 828 743 317 929 771 487 888 510 142 926 545 957 309 856 519 16 632 939 912 689 56 330 728 440 513 892 676 292 958 303 742 271 894 846 490 988 878 115 648 357 103 609 250 128 473 57 481 810 32 775 820 967 934 998 561 280 425 562 134 158 430 492 929 886 950 963 119 262 200 224 579 311 144 243 151 659 655 77 455 993 442 821 308 718 263 839 503 110 13 490 415 204 11 625 932 270 748 652 716 333 714 776 687 915 361 268 190 142 501 237 369 828 191 53 873 271 483 191 435 411 29 614 294 381 662 782 7 79 425 771 835 273 859 249 796 586 394 652 816 728 53 73 343 524 149 277 51 209 963 836 892 70 770 4 357 970 501 956 297 536 124 79 227 715 467 37 852 916 964 267 213 57 815 106 312 928 270 134 882 677 766 312 764 848 611 30 386 275 882 889 835 810 301 863 683 779 531 515 917 136 798 282 533 795 145 766 333 993 282 328 606 74 116 834 289 913 168 659 670 87 549 6 238 708 725 245 964 376 42 274 945 351 473 927 200 164 173 471 350 615 224 932 502 825 702 369 597 375 674 923 769 758 404 716 471 447 475 248 30 211 616 356 470 376 339 803 373 108 419 851 427 329 680 848 284 378 602 31 166 685 903 990 675 129 585 874 929 882 407 656 417 243 798 784 453 828 830 111 181 900 561 756 979 544 82 813 470 204 595 451 364 465 178 556 188 600 620 551 587 742 689 389 860 689 363 726 133 570 922 113 24 299 745 481 776 611 103 628 781 32 382 941 913 748 360 453 307 827 731 37 772 467 106 663 297 557 943 406 712 571 133 139 38 91 275 537 240 755 30 227 441 149 365 29 651 437 627 809 769 488 72 299 469 64 145 830 238 878 170 192 668 671 297 651 95 849 149 886 380 71 159 308 409 100 103 995 772 845 234 120 582 522 954 57 246 254 911 2 860 708 301 436 674 421 558 411 570 175 761 471 92 368 634 238 382 916 317 495 122 459 213 178 490 655 154 711 791 396 819 732 146 128 55 706 986 709 602 778 40 157 734 684 392 790 608 145 97 958 725 474 365 640 909 679 205 175 607 645 679 955 61 794 282 474 312 18 212 601 431 712 889 210 317 133 879 424 313 60 720 841 137 554 591 388 209 312 710 555 409 459 840 338 141 637 955 641 649 837 848 566 356 469 933 471 756 642 42 463 291 545 692 206 361 808 703 878 850 435 727 363 888 433 88 594 876 774 356 246 569 377 277 719 466 440 28 868 158 715 25 810 400 527 188 181 596 61 492 390 806 938 942 190 997 63 56 411 625 11 878 464 505 536 932 810 160 315 997 888 88 608 20 706 735 766 122 221 738 47 639 917 903 75 316 349 151 829 800 884 828 526 721 264 279 424 205 999 454 382 402 739 812 258 875 566 777 854 908 39 379 488 640 555 509 704 776 712 695 427 959 981 934 861 516 102 717 371 768 87 68 527 305 423 753 583 790 447 780 215 699 834 504 86 183 807 534 439 524 941 131 466 295 848 238 90 169 457 267 151 717 50 339 471 507 729 495 952 620 812 546 106 151 135 791 459 235 818 740 338 958 423 661 72 222 266 812 884 318 834 839 294 731 967 682 230 311 708 855 950 270 534 187 149 888 957 851 742 190 140 894 216 519 868 413 55 973 662 576 283 876 296 739 471 147 94 986 956 759 429 272 607 836 357 126 265 37 341 985 214 790 500 309 489 615 709 673 669 900 633 691 390 419 396 502 873 118 329 521 634 857 991 650 941 230 432 331 975 231 119 427 909 668 962 912 941 390 473 195 156 11 654 933 375 867 709 521 374 217 974 801 774 655 512 822 415 483 320 314 629 70 378 32 306 40 535 871 420 724 873 891 970 665 603 84 773 35 604 955 829 839 973 954 562 399 136 779 940 517 220 436 949 426 767 425 637 9 867 202 838 768 716 367 249 807 0 10 952 549 936 588 774 263 911 882 708 609 32 209 646 370 741 296 181 139 885 853 278 265 13 466 243 411 299 857 880 38 775 886 112 999 658 364 961 656 315 35 526 775 160 729 412 435 362 110 479 553 661 260 357 686 902 766 211 741 709 360 431 75 493 664 518 714 138 228 894 771 282 404 159 887 199 113 30 224 740 871 754 747 814 982 682 433 869 519 454 654 523 733 686 225 132 377 568 294 375 747 222 248 388 598 350 443 158 372 508 601 939 881 53 538 17 124 581 322 659 683 748 478 645 527 413 679 76 600 191 538 322 186 879 311 544 464 909 137 300 367 606 85 126 991 26 14 270 109 295 56 424 300 702 812 466 526 60 980 813 454 452 520 722 735 714 607 607 930 243 474 914 964 228 549 414 358 616 231 596 130 510 925 419 954 754 762 402 370 523 329 542 137 941 46 112 516 24 370 304 237 128 389 544 418 798 449 786 688 599 213 275 769 436 103 612 4 714 398 895 164 986 510 799 395 923 661 283 345 87 182 772 399 100 324 525 145 420 129 635 764 887 791 844 540 423 119 77 890 452 529 407 939 241 427 65 516 655 645 52 428 168 516 787 51 831 757 985 794 414 589 992 915 688 462 399 651 344 621 523 132 906 2 194 424 137 336 692 98 296 781 258 207 212 964 300 294 593 601 5 404 85 645 298 243 42 531 291 700 984 145 841 26 378 99 537 737 664 148 207 55 301 127 999 514 610 470 599 850 954 808 297 712 415 0 632 703 357 267 897 521 878 811 93 645 238 138 435 464 799 128 243 842 728 401 696 875 505 865 453 214 83 762 988 612 606 711 483 20 338 681 617 105 241 626 143 909 221 640 985 349 967 661 143 228 232 900 495 980 955 334 198 962 514 886 303 466 72 490 979 4 823 516 874 837 275 951 872 48 127 397 771 62 342 944 588 524 301 352 100 213 303 181 649 679 312 110 954 794 215 97 655 238 181 787 116 100 859 802 727 304 588 937 864 973 782 140 433 122 719 757 934 884 501 830 959 332 678 560 444 274 345 251 688 618 149 711 816 134 625 11 334 764 300 292 201 378 590 456 943 423 406 82 750 235 789 57 456 593 106 637 533 284 528 954 661 353 61 544 702 412 885 65 722 61 863 693 133 499 53 219 254 441 346 337 556 433 855 525 339 519 230 709 774 663 43 860 31 962 319 742 61 332 167 38 798 601 405 413 645 954 909 182 677 435 123 728 615 343 67 252 752 941 208 647 975 876 314 514 197 277 154 264 438 689 983 656 871 643 654 692 905 358 109 145 165 506 617 968 519 219 777 140 712 3 570 597 735 850 820 44 664 371 397 576 632 736 757 464 432 448 938 274 640 952 589 564 309 72 844 505 45 551 553 446 107 626 443 133 143 441 187 698 112 466 714 644 236 891 433 430 839 898 649 871 602 671 197 246 342 324 884 522 65 451 179 546 768 809 251 104 382 898 254 843 860 261 600 637 98 265 868 106 324 880 12 466 336 379 765 121 671 766 650 245 706 262 352 167 168 632 786 630 821 699 613 504 869 297 383 763 625 130 668 395 600 826 385 780 106 636 877 771 577 447 652 328 121 952 54 927 882 183 904 799 156 486 537 985 738 432 759 661 713 223 122 626 179 17 658 502 271 163 493 61 516 494 700 932 718 721 646 792 967 863 597 898 106 59 744 550 780 529 184 781 51 903 735 944 52 276 85 589 376 375 861 815 815 347 504 489 928 930 777 387 46 919 849 24 879 681 707 47 106 69 554 537 351 530 225 610 548 435 988 972 828 81 910 904 978 455 306 167 743 98 5 384 920 840 84 242 244 8 578 140 309 771 525 314 812 321 530 547 706 711 285 850 756 319 14 626 614 113 713 101 876 441 876 646 565 961 486 349 225 160 726 452 852 971 353 0 963 723 801 490 135 791 498 390 80 291 534 323 275 161 628 932 367 640 149 87 828 162 607 884 869 186 965 888 72 781 895 523 820 344 869 830 922 747 442 265 207 357 47 532 385 216 861 36 743 229 495 273 966 635 832 886 249 757 865 544 481 90 837 706 422 489 320 80 260 123 69 115 641 571 39 373 774 740 979 61 557 747 108 661 106 117 375 130 228 313 904 564 998 401 468 719 369 621 649 568 749 848 395 852 840 687 520 550 453 976 454 855 152 351 627 523 321 887 53 665 927 151 84 515 416 226 605 160 982 364 872 46 860 858 732 123 817 849 177 958 996 473 286 770 129 667 372 19 786 73 747 971 954 798 780 551 702 390 734 366 373 342 685 850 778 399 296 314 847 895 681 774 459 865 843 197 879 246 415 196 854 812 935 336 780 174 423 710 929 796 873 712 213 804 232 203 22 265 831 543 759 131 618 367 772 23 93 193 51 569 508 456 517 551 931 480 294 127 591 617 112 124 868 776 895 157 873 682 289 95 217 435 340 716 91 687 500 204 532 854 317 275 619 549 174 818 646 162 247 970 75 552 140 367 937 404 370 810 952 983 914 769 398 350 236 579 884 38 621 670 560 780 140 468 700 348 98 918 55 111 112 943 187 147 77 828 359 646 615 793 261 690 642 784 614 152 279 503 229 382 751 999 874 2 473 876 384 380 504 2 968 559 920 908 615 153 90 123 14 588 326 605 809 971 624 411 778 672 167 736 110 261 146 543 768 130 595 228 285 759 712 462 560 706 424 963 567 907 60 876 382 286 294 363 282 881 885 235 560 15 777 454 191 108 237 36 604 434 507 643 468 947 452 306 303 24 703 131 699 169 434 96 471 534 799 189 121 830 857 614 2 253 319 762 352 707 96 688 876 459 0 401 446 66 626 551 805 953 326 596 115 283 141 30 425 627 379 594 215 112 611 758 974 194 25 691 690 962 668 555 842 21 891 15 481 818 242 292 202 204 421 471 136 713 444 7 220 364 127 18 898 376 396 418 182 686 615 433 747 665 73 235 428 904 788 620 287 795 253 938 998 458 603 331 64 43 784 898 896 514 166 830 724 389 99 355 929 9 368 645 52 191 70 642 324 91 554 816 486 711 715 672 297 131 281 377 884 208 240 119 861 349 333 629 460 41 481 712 350 482 820 910 582 806 828 232 353 143 77 132 224 860 627 758 268 679 350 39 797 569 69 702 819 876 567 103 857 338 477 873 879 626 532 205 759 124 154 3 402 285 503 255 324 964 862 4 141 221 803 911 217 766 631 152 843 609 754 940 581 642 896 71 83 1 856 968 225 417 729 805 961 546 533 337 594 557 931 531 53 919 351 745 546 863 229 588 835 26 878 221 279 199 490 545 362 367 631 801 370 775 944 493 581 161 130 690 522 296 523 2 901 203 963 755 95 43 504 138 765 880 644 257 583 609 114 151 180 219 490 767 500 173 528 236 414 97 508 19 580 260 197 393 715 938 935 551 695 844 807 547 967 659 780 217 37 594 33 217 601 863 856 323 134 474 385 281 212 593 675 27 456 811 922 225 593 491 50 204 324 152 131 30 75 587 573 500 937 992 686 224 521 33 642 852 775 127 826 188 23 626 432 811 286 499 842 97 230 272 885 715 477 744 571 419 87 856 568 666 795 533 618 123 900 202 551 202 377 468 268 757 31 140 67 394 422 461 436 617 385 120 271 475 330 516 400 859 837 697 564 971 35 759 316 483 66 650 312 614 339 185 606 173 717 119 659 728 896 953 128 9 188 146 65 108 275 716 298 501 988 543 154 832 601 871 373 110 180 552 445 791 45 853 305 859 159 979 544 461 260 351 751 506 830 967 914 630 152 479 584 809 36 98 954 592 582 420 557 198 232 430 189 597 95 402 4 87 38 175 620 402 746 383 9 420 567 399 723 754 321 526 986 863 76 802 835 60 352 616 43 411 279 234 881 824 1 878 520 906 331 364 500 822 267 432 246 605 559 297 187 351 518 233 106 448 502 63 229 666 200 713 879 27 514 653 808 961 563 450 5 211 148 10 131 617 253 699 748 695 726 487 491 990 999 560 949 267 73 560 58 76 863 392 522 872 887 647 819 887 958 638 90 906 667 241 711 684 50 40 142 705 356 295 379 702 700 355 702 961 918 710 263 114 595 917 68 546 24 144 785 714 648 617 743 208 126 225 696 774 520 431 762 356 105 250 850 607 542 586 419 321 923 897 583 762 798 672 556 727 76 343 603 715 10 613 341 644 135 865 799 103 905 432 280 750 157 688 697 361 891 804 564 147 113 545 775 470 390 464 363 641 794 414 192 553 637 808 668 822 133 803 828 352 732 722 82 769 64 145 199 477 333 218 474 551 112 510 90 845 205 383 41 824 764 27 961 125 103 667 683 127 624 413 310 824 440 639 653 605 979 893 197 162 898 388 429 190 72 688 870 192 58 171 549 122 169 823 646 485 666 846 683 486 712 576 30 519 455 869 892 225 348 475 786 320 604 994 812 31 50 710 643 438 981 461 487 393 25 714 238 851 332 281 676 907 100 675 99 902 416 916 100 677 988 172 319 784 913 835 952 122 860 409 35 279 454 237 96 876 180 115 218 670 23 867 773 710 790 296 118 291 411 246 456 321 780 0 708 545 739 297 280 288 992 425 155 36 941 66 256 52 314 876 625 247 410 317 262 224 685 293 711 777 744 370 846 294 202 943 120 291 977 186 405 664 692 598 141 187 818 942 790 479 939 883 292 885 613 696 304 392 682 27 525 69 167 919 726 578 336 256 979 638 971 895 574 930 346 503 921 215 981 439 627 264 935 529 3 280 199 490 467 399 347 826 0 809 416 414 497 168 557 701 39 363 48 168 444 847 633 222 679 221 238 254 870 820 710 638 637 57 954 235 494 811 313 522 601 100 907 263 199 133 609 236 1 473 682 405 311 950 369 105 621 7 149 203 728 109 577 609 562 534 877 661 2 903 740 683 512 438 809 690 511 859 67 94 132 833 400 357 342 855 665 705 982 532 722 221 121 938 374 508 939 962 184 542 247 96 461 380 780 784 968 806 58 505 341 243 486 306 874 361 417 722 467 78 16 220 878 598 304 123 310 669 416 746 307 79 892 824 66 886 638 257 449 381 31 312 902 155 839 380 993 177 754 256 86 15 540 424 591 508 245 25 426 701 200 992 359 288 777 62 53 49 645 138 301 229 335 831 358 269 64 775 395 149 742 472 666 582 321 655 447 248 250 851 824 644 524 731 202 73 847 866 212 613 618 937 482 591 746 622 845 531 985 68 633 741 184 467 647 809 223 585 84 466 564 353 746 346 107 691 613 994 222 837 169 898 165 560 706 291 447 93 635 619 753 602 11 769 750 344 837 233 64 119 288 162 310 60 191 86 230 993 889 658 893 117 146 655 613 839 899 41 262 197 65 486 241 345 746 472 288 287 877 590 754 552 825 992 781 579 830 186 661 220 236 99 797 701 969 142 387 300 671 904 192 197 533 283 648 194 572 371 519 560 5 424 925 108 913 195 380 830 97 164 727 116 847 163 973 50 757 653 398 169 845 65 573 134 576 668 431 508 139 946 339 668 526 478 2 244 519 900 217 509 559 581 780 122 363 122 638 782 998 149 47 525 229 596 220 894 259 799 533 39 845 725 515 498 577 2 433 503 523 355 972 393 616 429 662 69 407 834 647 752 244 397 829 985 78 385 518 375 548 341 227 4 4 123 992 410 660 978 689 197 789 160 39 801 196 507 2 21 282 274 497 129 415 367 961 484 866 744 563 321 172 158 273 778 679 446 585 149 577 895 266 30 397 266 447 366 667 817 459 203 278 537 92 928 495 297 450 494 744 336 321 250 764 154 454 897 149 580 751 698 726 976 686 867 107 283 102 263 621 861 710 230 130 72 207 637 68 165 561 343 384 179 403 996 483 201 346 130 840 70 657 889 109 183 722 803 431 169 84 212 322 880 462 718 558 983 331 896 246 913 886 288 603 639 591 703 624 138 550 636 231 276 40 331 557 978 713 791 329 237 577 781 330 618 209 908 962 190 55 586 581 757 200 584 735 509 542 289 549 615 154 503 946 214 348 711 733 562 481 550 209 687 243 547 806 786 167 734 726 36 844 666 618 883 144 576 29 397 551 292 449 942 574 515 593 19 364 493 135 871 642 888 695 839 549 165 204 370 650 63 914 683 105 872 35 745 77 606 485 30 91 719 348 239 176 385 228 412 584 222 90 345 837 613 628 828 437 603 885 88 151 452 342 177 655 21 577 1 152 180 784 794 41 963 102 828 195 984 891 1 378 984 758 392 962 462 294 983 956 838 738 397 800 623 506 455 645 8 589 345 8 194 588 655 386 423 703 532 813 649 70 282 751 414 667 459 704 26 967 217 329 693 785 489 141 223 886 37 941 969 245 673 382 542 11 702 53 811 903 678 7 874 470 335 354 989 409 428 8 665 365 24 885 304 580 292 814 364 642 562 508 657 555 923 962 746 379 143 75 383 358 331 776 318 473 360 9 431 408 985 377 364 658 324 127 352 810 5 714 783 687 560 260 831 126 462 995 254 470 305 428 244 252 523 912 330 216 444 180 307 152 251 36 570 996 623 736 524 458 30 993 679 611 909 213 331 861 929 753 744 42 406 191 273 137 94 465 728 284 260 972 729 34 617 536 123 749 543 495 892 646 573 364 948 224 610 790 310 802 237 765 522 305 244 389 126 166 779 505 719 707 904 897 890 204 213 150 327 196 597 365 769 21 507 491 879 548 551 360 695 52 498 583 355 914 740 917 76 553 892 128 671 271 520 106 221 951 669 478 415 137 881 946 546 367 743 901 455 825 204 859 494 547 328 550 172 509 934 312 402 579 943 455 185 903 675 392 770 396 354 839 779 52 379 477 695 764 699 75 356 741 160 934 27 287 78 35 596 946 522 517 929 661 949 629 251 282 523 722 362 953 836 345 969 405 427 838 928 660 221 52 655 970 900 873 623 176 605 894 179 993 247 885 863 510 662 819 560 306 334 937 900 176 259 438 539 804 16 855 342 567 967 897 655 95 25 69 457 646 270 310 866 938 47 176 118 205 105 985 725 86 501 284 296 912 199 739 664 913 723 453 272 597 23 697 516 220 717 626 250 729 631 187 831 749 904 485 453 124 736 806 292 414 72 420 311 376 735 203 448 308 476 971 135 926 285 261 167 129 816 751 265 290 288 991 412 610 459 156 477 778 49 59 964 298 375 409 248 850 684 36 460 245 91 151 425 99 851 493 622 822 748 829 846 791 811 439 105 153 471 335 37 206 509 471 678 730 465 650 955 213 366 470 427 268 40 377 880 722 552 552 668 515 823 348 113 761 270 277 637 763 286 643 61 586 620 331 993 150 911 255 361 409 605 298 238 66 74 442 852 4 491 87 710 104 474 506 267 97 939 273 592 502 670 43 22 925 550 487 165 214 473 746 632 750 193 264 243 309 139 778 467 218 741 305 86 237 717 610 283 757 896 987 554 883 209 669 238 759 274 970 914 26 727 208 91 612 657 439 724 654 529 224 167 2 878 671 363 10 992 602 449 767 422 234 732 403 605 65 504 296 737 908 817 674 905 980 527 971 566 152 353 670 357 261 704 294 214 440 197 735 555 371 902 285 532 86 797 5 218 648 761 504 851 687 217 927 591 964 582 867 920 754 32 676 927 8 604 397 564 589 781 405 549 676 249 537 284 176 349 616 226 10 427 488 336 712 82 535 488 240 439 940 759 390 291 439 126 994 477 446 481 957 930 762 8 150 250 578 164 160 917 614 228 614 765 414 576 882 77 700 653 833 594 662 91 691 890 945 427 386 243 643 486 569 852 0 10 136 369 528 701 413 419 54 407 100 583 283 995 418 257 604 30 335 552 106 659 82 979 857 495 297 364 787 369 545 524 989 595 315 223 642 391 872 10 743 300 750 2 696 752 35 446 113 915 49 200 406 713 11 176 591 272 407 850 46 426 956 777 123 85 310 668 474 466 32 999 707 331 946 453 851 976 235 557 73 723 152 434 68 3 717 488 778 894 875 20 348 155 203 907 937 759 850 870 175 661 342 628 881 43 552 144 478 603 778 965 782 760 691 695 890 250 160 852 196 315 198 739 293 322 709 139 486 408 607 79 729 218 577 64 953 102 537 596 207 465 217 510 751 912 427 734 274 678 398 203 676 141 47 717 9 664 619 624 508 17 124 318 952 343 770 404 827 754 740 408 968 202 128 657 940 724 223 151 218 14 436 565 659 566 503 909 456 958 405 674 186 922 354 691 29 749 441 671 87 672 947 956 287 189 574 565 60 556 352 787 556 956 845 194 639 436 517 880 730 177 562 65 224 579 120 847 438 652 205 353 534 344 811 697 526 771 180 626 969 424 494 97 951 702 983 507 25 416 450 976 992 804 306 734 702 27 959 977 260 235 631 794 718 914 398 630 108 796 825 320 810 695 432 777 131 189 698 383 441 57 837 316 696 285 414 776 988 964 974 354 408 956 614 107 336 342 180 531 593 384 950 360 871 626 430 372 192 857 631 326 960 569 319 636 435 878 222 520 594 668 982 792 624 469 539 259 604 11 268 24 837 87 947 921 193 57 322 737 62 649 678 305 404 974 712 681 866 501 249 149 320 76 902 885 21 703 581 682 419 890 415 510 296 496 303 36 262 716 649 504 733 711 526 983 510 417 471 506 243 115 112 615 110 476 600 73 776 90 173 505 891 67 13 236 490 941 226 199 15 451 294 617 565 457 120 416 767 466 461 247 888 647 682 494 893 507 41 570 360 261 307 247 350 518 397 923 75 716 253 604 372 230 79 333 214 808 963 357 341 737 417 817 488 67 856 291 811 163 139 906 916 890 694 892 339 803 7 442 3 622 872 835 702 604 236 451 472 884 48 485 386 733 20 207 26 5 786 437 457 626 142 920 350 847 606 49 849 137 693 905 826 731 898 706 587 782 334 851 659 845 390 408 501 616 54 417 88 902 647 596 408 361 241 765 933 277 341 93 90 322 708 736 161 546 172 659 61 556 421 958 232 50 30 431 734 592 478 831 625 166 175 289 686 256 37 368 769 60 448 488 485 276 182 440 222 612 22 366 138 142 112 203 709 132 568 785 884 294 124 538 653 941 828 267 765 783 234 737 794 812 506 698 906 808 955 64 595 210 335 121 284 35 504 403 443 460 91 94 433 706 1 545 484 875 387 674 100 69 247 425 544 116 649 580 441 77 203 200 390 354 487 686 178 693 260 612 619 367 712 678 308 931 757 797 566 351 127 887 826 291 60 526 619 366 733 917 162 365 509 985 857 28 647 749 179 618 757 736 788 232 566 90 189 659 447 621 947 258 110 905 601 586 370 987 987 384 175 958 821 838 865 402 306 258 775 156 169 203 474 454 565 630 582 737 436 0 232 889 435 684 888 192 456 136 745 989 912 267 879 574 618 481 672 211 115 266 318 989 939 728 836 527 632 408 943 260 626 883 983 17 510 525 342 140 711 245 160 566 26 79 76 637 273 934 738 949 795 550 285 183 497 825 603 722 36 615 858 690 549 124 909 198 949 877 72 534 598 875 232 61 257 155 486 643 186 725 974 534 386 804 171 675 835 477 246 191 657 339 326 755 214 426 930 239 590 339 5 389 333 336 216 594 438 801 87 17 669 429 237 361 831 301 497 23 393 789 341 791 438 868 836 879 77 311 301 188 410 481 21 114 580 293 313 598 927 823 180 414 91 816 486 435 604 440 110 486 827 521 642 529 693 530 204 647 811 721 990 942 914 141 866 812 987 530 59 816 686 766 24 882 194 468 626 774 776 967 44 13 9 17 538 885 29 852 197 570 302 185 302 708 508 896 465 283 651 719 933 304 505 678 969 630 244 90 433 473 19 56 960 486 492 741 64 723 190 868 680 88 656 583 485 702 362 825 845 719 346 116 288 663 778 574 87 97 415 42 90 173 838 156 940 944 810 509 890 148 217 112 236 338 655 219 659 989 547 210 748 9 369 400 651 36 496 512 11 347 637 36 421 824 567 683 160 355 716 792 632 343 516 857 10 383 837 213 350 176 198 369 710 736 929 533 655 879 178 210 861 677 285 367 427 461 143 557 283 152 179 647 243 805 24 110 865 679 417 804 497 647 749 591 60 644 216 665 875 729 482 965 548 542 182 220 444 353 30 201 766 926 845 18 387 804 581 385 762 451 595 889 906 635 535 132 382 174 872 300 760 128 663 273 777 790 370 667 519 390 365 9 88 429 348 201 63 230 92 160 149 473 250 948 329 147 420 824 283 157 519 528 165 471 505 366 739 270 872 364 573 467 810 875 986 878 303 611 216 443 755 956 961 828 16 581 855 503 636 627 628 425 231 92 355 691 160 980 187 684 392 623 165 96 399 968 220 880 469 554 429 649 676 957 231 449 972 508 284 335 247 844 608 899 759 87 466 502 380 586 361 739 850 571 800 262 458 888 109 507 128 916 159 906 485 691 942 970 110 336 287 588 381 444 368 266 374 962 41 695 981 161 524 760 382 762 550 332 685 506 694 760 7 474 37 974 416 581 175 718 478 490 641 213 534 203 379 70 262 53 569 375 611 185 268 541 108 562 966 682 606 968 574 797 282 356 336 995 836 93 961 414 733 818 601 779 266 97 370 855 590 816 337 188 286 338 138 33 828 228 705 0 583 616 374 941 345 346 736 659 104 193 893 240 49 752 760 860 738 606 325 790 742 58 650 328 319 803 238 884 327 904 62 287 807 299 205 509 804 275 556 429 22 50 354 78 587 612 654 882 940 177 787 738 550 477 611 67 388 806 463 135 299 317 278 87 70 601 508 447 483 168 756 850 381 872 449 664 883 69 154 277 930 299 789 260 62 583 269 451 239 769 430 825 961 85 928 22 228 610 442 626 886 633 938 241 877 66 610 500 530 149 613 555 130 197 154 75 6 81 311 842 446 85 82 851 978 174 301 494 969 917 728 614 37 862 643 770 502 82 988 948 262 530 718 542 30 524 731 831 399 723 602 680 723 186 852 339 692 673 556 214 117 83 574 676 336 239 522 613 616 30 832 368 569 477 565 838 716 979 391 872 631 684 110 179 540 240 964 811 201 558 726 974 792 173 515 235 240 428 629 795 875 367 341 974 849 141 428 889 110 529 263 471 615 726 210 637 507 150 129 251 511 156 19 575 178 985 808 876 347 284 196 347 304 445 276 216 24 796 449 153 962 573 266 827 176 959 455 358 63 21 156 33 152 149 50 664 596 55 268 413 474 248 560 918 757 424 653 470 693 296 948 933 626 16 578 532 656 920 268 492 479 765 804 767 563 871 76 666 428 193 200 288 190 880 233 394 155 431 278 502 903 154 350 542 749 802 932 179 313 961 482 505 93 262 626 916 168 475 456 315 891 405 235 405 742 92 366 745 555 332 218 778 456 234 23 139 883 539 786 983 385 322 569 868 840 128 733 945 838 769 799 429 266 740 190 826 593 683 288 787 771 493 327 225 63 752 438 428 340 411 924 624 330 594 176 902 24 947 958 477 199 681 744 832 735 446 513 81 657 575 662 806 757 19 718 164 420 812 779 890 568 33 849 175 515 259 823 470 245 342 692 528 250 722 412 194 244 275 835 321 829 806 633 708 63 518 294 842 207 637 568 83 79 526 394 171 596 147 671 212 935 906 584 346 47 294 563 197 871 483 885 699 220 1 144 941 307 565 216 971 784 36 730 113 985 514 111 308 372 979 56 616 895 735 842 572 559 915 60 137 762 61 574 222 856 672 156 727 167 9 899 655 959 241 140 164 999 125 879 978 397 58 185 715 987 893 625 541 200 226 943 316 660 738 446 130 280 219 661 140 925 667 856 927 293 300 4 963 359 455 298 502 670 578 211 548 676 948 422 518 371 450 662 352 605 747 231 824 484 625 130 27 996 857 15 50 792 381 242 246 210 335 529 591 407 849 853 539 490 739 976 461 688 237 70 940 540 285 215 630 372 763 907 781 788 867 935 680 913 307 879 133 993 870 988 958 504 304 80 585 558 539 824 724 984 817 362 785 939 595 710 575 369 625 210 641 149 795 128 866 329 488 579 217 746 132 882 170 378 959 660 965 606 660 757 123 1 8 208 438 641 116 821 840 577 19 964 623 919 400 131 423 158 218 717 473 575 697 908 27 587 254 840 199 660 382 592 632 5 816 616 995 550 23 604 539 85 713 436 287 74 713 808 256 274 146 470 885 950 645 89 721 212 677 973 888 646 257 401 925 938 297 539 96 171 765 746 247 661 755 64 506 422 39 510 35 459 272 261 750 409 256 402 677 14 907 818 711 486 804 583 834 962 933 33 694 838 526 352 164 58 616 928 231 603 882 846 522 483 251 851 907 87 849 919 942 967 674 543 356 771 281 490 117 451 19 97 284 720 226 621 955 242 353 517 191 858 249 216 244 97 324 175 276 951 713 199 260 496 128 422 592 389 446 571 768 231 274 835 443 585 288 242 747 863 142 727 424 721 422 811 354 964 388 810 321 35 640 59 72 10 6 205 498 292 796 994 866 109 699 297 521 266 338 694 756 319 815 557 52 97 111 311 931 734 385 204 51 506 622 874 745 364 395 980 930 335 98 718 260 341 22 864 184 961 38 714 967 924 19 952 435 723 69 189 519 38 219 748 785 60 458 508 807 629 809 244 592 136 554 960 421 863 250 403 176 168 21 598 755 509 292 495 547 165 784 709 55 188 844 475 924 761 150 387 715 95 574 133 197 215 402 496 517 899 49 880 247 749 191 361 424 49 56 411 678 825 480 854 705 712 330 288 107 273 200 189 388 497 139 494 536 618 387 357 181 49 433 367 767 634 651 579 206 42 552 331 356 702 117 705 263 354 407 500 358 556 617 618 906 19 376 975 714 762 685 599 899 201 307 185 575 350 11 86 30 663 444 992 955 627 158 293 217 74 153 830 709 939 609 635 277 597 437 706 377 127 280 768 393 619 159 222 664 256 149 503 752 72 980 610 165 498 36 211 750 281 233 407 737 580 424 992 670 614 665 917 952 561 588 733 311 855 133 541 265 546 914 713 618 341 527 968 449 810 223 843 974 365 734 230 97 936 45 232 948 369 990 248 476 745 64 392 228 374 957 847 154 11 122 618 110 62 574 794 120 659 623 60 393 399 562 708 757 368 657 387 440 443 690 748 767 653 133 593 880 622 14 787 724 275 396 682 99 507 729 226 729 973 180 758 512 672 275 657 462 762 484 283 865 333 702 104 648 631 723 280 699 265 737 578 606 26 26 322 921 396 488 501 212 744 805 626 690 222 18 300 35 376 718 997 103 751 546 413 327 853 266 420 278 413 518 148 280 552 106 50 73 202 163 38 977 564 915 144 519 3 823 198 844 296 55 172 266 625 861 411 21 329 626 933 672 396 29 296 538 973 701 97 210 75 722 659 49 625 663 743 752 949 74 158 802 676 158 934 859 100 713 241 256 665 474 836 97 220 366 462 413 777 843 256 453 384 252 828 227 415 934 720 300 446 810 789 900 803 733 203 81 534 676 152 875 535 220 401 698 183 976 31 552 981 836 806 80 714 194 882 392 558 123 323 539 93 889 178 674 724 682 156 60 969 287 103 259 210 470 387 545 188 661 491 915 503 720 356 301 863 340 333 198 743 357 359 6 473 53 750 437 393 646 529 85 963 666 695 338 794 873 883 641 962 107 737 703 24 270 233 20 313 370 100 847 720 267 892 932 852 935 873 348 57 305 9 907 454 517 864 655 455 276 696 679 75 355 306 731 361 767 558 67 295 851 744 155 611 454 547 941 709 983 786 343 564 538 149 438 664 735 257 227 265 33 963 285 918 332 678 359 928 227 474 436 488 937 928 408 366 22 900 657 740 836 138 438 362 731 220 519 267 266 162 685 288 534 539 242 27 552 900 956 671 634 151 814 22 898 29 48 3 347 622 561 625 184 448 194 731 2 519 684 78 708 740 669 260 836 841 263 154 181 500 505 436 12 778 818 240 127 62 219 136 236 874 828 956 601 949 946 247 744 365 864 969 246 559 667 445 35 541 291 35 204 111 766 833 352 573 991 702 904 380 679 215 539 607 867 309 552 208 111 855 317 871 216 724 487 362 176 707 963 334 358 855 797 773 812 373 615 776 37 184 93 583 734 287 70 494 940 12 853 202 183 865 48 173 526 807 89 766 307 511 956 477 264 244 184 165 490 632 801 651 892 142 445 70 231 232 918 71 545 770 672 851 668 350 307 894 809 970 362 258 180 151 549 177 202 819 477 144 264 482 110 484 349 552 833 953 331 994 371 57 106 341 832 410 918 287 660 219 474 877 739 39 460 756 319 739 523 413 907 437 71 698 246 822 199 302 481 218 505 117 988 268 670 94 974 847 523 946 716 355 391 640 772 413 426 519 811 186 43 536 363 413 997 354 184 999 627 496 501 254 769 745 299 474 285 222 394 467 229 201 51 999 827 355 597 323 598 766 302 335 507 685 13 615 604 122 102 375 512 222 589 864 452 854 870 304 391 523 508 750 484 522 441 406 739 334 238 426 577 123 347 794 50 805 217 228 532 968 446 336 894 481 97 718 424 716 702 809 125 87 84 351 582 447 469 89 17 106 606 945 274 45 928 658 40 823 687 76 500 997 633 519 741 327 960 896 103 739 835 898 13 913 474 31 669 111 689 352 12 877 199 48 913 355 607 583 238 346 486 390 4 145 350 127 486 657 771 655 521 395 509 974 818 216 221 958 128 945 387 218 932 841 399 313 727 711 374 483 99 200 799 43 84 412 487 77 720 424 938 355 413 989 235 691 457 966 686 475 656 55 588 575 218 404 943 418 563 296 726 523 239 960 162 314 397 399 970 852 427 491 525 531 667 191 31 497 12 42 349 798 796 768 588 728 5 656 454 987 45 734 895 434 738 346 535 356 838 0 929 954 360 473 947 127 179 202 111 633 26 76 810 552 100 620 882 845 53 436 142 517 573 873 152 430 69 598 158 264 383 785 530 143 358 132 510 193 390 127 732 827 436 612 557 1 969 371 8 581 355 495 101 144 164 233 434 287 167 636 999 7 553 312 373 972 493 747 100 719 819 829 581 366 641 946 661 816 809 685 932 849 525 107 316 179 841 862 254 270 129 596 769 193 947 47 332 249 765 45 726 337 530 75 156 259 433 822 851 78 110 290 431 121 182 223 123 342 709 944 18 667 978 62 141 837 941 749 549 573 567 204 52 320 899 699 151 841 836 432 439 738 672 747 713 356 563 243 674 691 647 960 478 93 434 138 139 364 224 777 370 801 754 383 326 580 847 828 768 705 267 720 857 157 70 214 793 306 838 783 80 991 847 756 820 116 609 304 835 69 563 93 409 812 879 654 915 668 838 261 941 931 69 543 193 103 728 452 121 516 174 443 735 653 117 709 962 866 616 561 28 192 734 952 715 47 117 609 308 80 950 24 110 694 515 971 582 983 846 750 415 250 60 271 221 187 970 868 98 260 422 587 32 311 361 746 679 898 876 521 113 185 969 348 453 890 107 597 354 381 169 530 364 99 518 531 939 49 533 39 154 941 691 47 349 712 845 163 823 852 956 108 58 223 830 689 648 441 439 390 883 219 520 50 696 912 430 167 409 568 246 168 26 107 320 822 68 787 665 259 9 117 622 611 991 610 710 175 345 288 871 836 970 126 267 396 571 792 908 876 806 248 558 493 652 982 828 702 397 105 846 386 534 230 529 646 112 937 863 695 694 938 153 873 766 841 91 954 956 636 919 32 124 464 532 624 399 47 431 1 431 106 187 32 198 679 797 350 740 132 859 807 584 149 199 884 9 41 447 11 485 364 967 764 9 1 472 0 442 574 274 942 316 405 336 214 537 279 707 305 84 68 810 832 174 401 616 468 857 513 639 382 364 383 876 113 462 282 530 125 390 858 428 500 922 723 485 850 358 871 466 313 704 489 603 226 826 39 709 443 519 447 979 21 466 198 239 101 603 908 403 102 355 684 661 101 402 259 603 389 439 783 746 852 512 82 510 742 938 358 709 840 627 211 396 175 470 264 271 202 672 351 331 637 489 163 902 616 796 14 737 880 290 902 844 924 307 103 507 498 575 984 240 371 933 279 57 692 258 597 884 407 260 722 632 729 143 896 773 133 264 467 247 969 696 604 519 672 11 290 955 680 145 490 159 268 237 832 979 252 212 471 686 315 81 77 404 282 407 507 61 724 853 435 38 906 873 58 459 991 894 249 989 70 720 550 712 675 298 624 721 135 222 716 446 584 501 577 822 192 639 643 243 373 965 446 325 465 612 224 281 227 349 692 289 54 644 92 78 952 925 887 619 685 142 884 860 13 473 790 838 796 168 744 729 816 118 363 100 328 139 317 528 707 656 44 615 543 996 764 662 443 814 421 857 615 101 320 318 922 532 923 485 420 57 507 854 237 417 226 436 702 180 42 672 671 679 600 504 120 593 308 962 172 781 737 396 163 426 928 374 775 640 129 338 529 412 420 114 37 621 484 947 931 736 198 345 111 169 298 804 131 523 959 9 148 530 987 275 242 487 331 275 556 875 663 286 188 768 458 470 62 612 225 332 655 239 306 412 467 231 711 441 287 842 971 923 825 349 428 310 525 386 481 198 929 366 190 991 987 700 390 809 145 620 177 60 882 161 910 360 395 626 129 121 132 342 625 57 644 645 260 630 282 660 284 245 774 433 782 735 423 985 543 644 567 999 242 685 684 709 113 142 767 927 640 859 810 318 992 922 726 715 554 442 923 421 737 682 188 748 382 270 289 439 966 485 54 451 431 766 965 828 275 636 136 369 580 752 529 571 632 726 173 207 559 730 382 213 331 5 713 799 878 730 208 309 499 238 552 568 926 712 997 199 245 885 36 535 83 134 329 101 899 838 539 657 394 791 197 851 808 565 878 497 264 493 403 653 237 734 987 296 551 241 348 3 199 854 988 592 536 728 387 948 935 321 591 416 588 232 503 120 472 946 428 340 473 550 700 957 373 270 969 234 308 83 186 163 800 977 425 901 889 259 637 120 140 167 312 261 76 205 35 845 652 660 249 478 780 902 450 750 514 533 857 797 66 814 48 334 273 845 761 870 271 769 920 129 171 529 368 321 667 175 59 280 164 380 287 880 399 92 677 296 133 907 155 290 572 553 996 675 562 210 398 331 985 841 373 454 244 254 942 306 113 149 742 721 615 705 628 937 954 48 933 291 653 705 655 137 279 196 231 851 170 521 415 164 207 907 730 848 62 118 130 352 501 215 548 666 638 931 346 91 174 403 602 774 595 398 60 882 750 719 250 958 857 920 107 440 987 640 793 31 121 825 244 645 863 237 773 881 656 282 960 204 963 403 436 683 198 922 524 420 951 179 683 436 944 714 988 280 83 327 728 995 711 776 812 327 641 160 81 872 350 911 741 493 400 611 251 760 727 373 487 768 258 638 692 853 471 900 785 996 591 264 537 931 605 762 114 56 608 703 200 645 887 130 107 294 901 592 695 950 6 544 995 599 920 475 572 352 805 872 906 180 320 828 282 73 374 40 574 678 23 667 691 176 532 713 993 295 828 996 552 469 114 386 385 398 129 911 146 46 35 253 279 384 645 705 397 83 840 792 600 626 476 394 944 947 269 598 783 535 410 782 366 500 620 780 673 776 412 180 912 15 40 292 512 207 424 594 841 202 387 365 352 451 503 774 720 173 873 880 773 248 58 454 50 501 419 300 859 996 10 825 357 379 261 468 125 370 846 572 246 334 888 28 135 363 977 543 76 573 145 120 547 944 818 61 882 894 664 684 856 673 34 703 873 458 857 421 694 18 49 193 236 654 239 519 771 616 482 907 202 604 140 804 601 792 610 498 440 840 762 132 326 8 469 981 916 75 549 951 171 108 41 624 107 844 895 965 998 891 473 228 52 458 475 582 648 80 299 437 898 3 914 234 383 625 11 371 6 792 313 323 28 723 238 810 915 318 801 190 70 220 815 106 480 830 253 30 614 215 85 559 266 318 344 280 121 196 923 665 31 439 148 192 418 830 926 238 620 461 924 947 621 219 243 451 176 154 603 186 412 727 879 695 383 155 763 486 550 585 181 664 943 49 847 678 707 516 108 476 478 929 793 915 569 927 438 25 355 596 213 717 867 958 466 149 456 920 211 762 197 471 634 247 63 694 689 62 480 454 350 636 578 346 655 470 284 202 415 827 137 829 258 516 553 445 37 74 455 990 449 182 733 424 770 607 237 645 747 551 538 972 701 143 606 607 319 380 45 554 903 706 169 261 706 641 728 540 889 164 787 245 333 977 120 362 20 246 218 679 652 817 128 982 776 964 83 345 617 878 884 848 502 53 237 804 782 306 398 483 29 662 852 301 902 612 461 326 153 446 55 77 989 157 945 284 903 611 898 393 636 124 817 68 683 572 188 338 502 962 253 401 338 885 954 277 525 174 844 243 881 799 626 853 670 330 439 797 516 677 697 621 488 436 4 781 863 743 702 246 137 910 196 472 568 163 693 263 362 751 573 395 786 207 413 759 94 24 737 26 989 297 802 637 79 64 125 981 329 895 291 649 752 456 579 62 414 439 501 849 524 519 936 180 631 888 727 285 990 88 182 899 802 919 60 787 334 487 540 242 778 131 836 939 667 527 505 356 445 434 946 132 219 423 133 119 278 370 479 190 37 601 104 928 380 536 150 613 904 273 825 261 545 868 743 476 993 284 992 193 636 642 124 176 377 262 348 316 304 187 879 201 244 267 742 209 482 451 658 236 531 759 540 622 375 833 557 356 330 278 39 767 836 641 732 84 483 837 750 299 852 725 270 783 106 718 88 29 814 744 159 440 215 904 157 725 883 530 886 410 375 989 630 620 836 855 832 394 51 803 417 180 547 679 60 672 680 51 350 725 717 343 901 817 677 133 901 625 399 543 707 744 8 593 661 185 301 178 554 912 313 816 182 190 116 754 721 571 741 57 649 290 713 721 660 391 965 260 210 267 816 769 754 196 436 963 781 478 303 124 88 183 597 156 326 914 928 501 861 922 162 385 623 833 890 125 580 457 150 567 206 411 744 647 205 575 124 362 316 939 17 213 996 255 718 568 575 360 294 248 616 667 767 913 825 53 584 652 101 817 561 262 223 241 895 393 226 192 560 751 347 592 99 579 668 680 516 955 411 816 863 171 490 255 707 219 559 301 697 173 799 237 781 711 583 221 156 840 891 633 790 784 98 812 543 368 330 441 88 917 456 530 459 687 355 870 855 503 42 512 848 104 314 758 187 212 52 543 824 826 799 912 817 511 82 97 514 36 269 331 90 982 88 29 849 59 75 664 410 195 776 743 219 941 118 851 714 525 848 678 531 506 686 86 967 444 489 365 55 581 140 342 433 839 666 34 138 863 955 61 829 121 643 474 243 493 748 798 251 32 170 523 156 341 351 179 593 21 425 817 148 853 665 506 54 872 230 81 837 452 825 452 55 569 273 465 687 575 642 845 14 119 666 22 379 109 660 255 766 844 49 844 113 939 931 519 144 391 267 594 635 489 118 502 361 217 516 900 959 619 2 745 706 25 200 79 593 361 612 274 655 441 128 656 215 312 554 653 456 638 251 885 859 951 331 843 507 211 667 82 645 834 162 450 591 223 316 646 830 498 271 539 147 802 488 115 126 683 54 379 229 780 101 314 710 124 94 611 44 855 5 132 735 203 292 184 423 112 846 794 225 927 765 555 923 545 864 670 621 76 479 906 264 682 489 200 564 842
最优装入量为: 777236
装入的物品为:142 203 314 351 484 518 545 613 969 1255 1279 1371 1402 1472 1555 1590 1656 1840 1984 2068 2085 2106 2410 2497 2507 2538 2540 2552 2664 2672 2690 2825 2896 2959 2981 3018 3109 3282 3363 3371 3411 3420 3431 3514 3605 3673 3707 3738 3764 3765 3779 3780 3958 4010 4022 4040 4077 4083 4091 4119 4130 4350 4386 4513 4577 4621 4639 4709 4748 4752 4794 4870 5038 5103 5109 5167 5169 5186 5311 5406 5507 5589 5590 5668 5675 5691 5778 5821 5909 5968 6085 6191 6242 6422 6495 6605 6606 6693 6790 6949 6962 7086 7134 7417 7426 7517 7662 7716 7748 7760 7844 7857 7903 7919 8237 8265 8321 8406 8485 8572 8708 9003 9166 9199 9201 9437 9913 9973